VARIABLES = "X", "Y", "obj_func", "sens_cb1", sens_sig", "sens_cb2","sens_kar", "sens_cw2", sens_cw3", "sens_cv1", "sens_x", "sens_y"
9.566907E-01      1.285821E-01      -1.216493E-01     -3.526052E-01     -2.126024E-03     -8.984831E-03     3.518044E-03      -1.035891E-02     7.720201E-05      -2.246772E-03     -9.776270E-02     1.475979E-01      
1.298630E+00      7.107556E-02      -5.682542E-02     2.362387E-01      7.026344E-03      3.379033E-03      1.084107E-01      9.955921E-03      -7.625715E-04     2.274415E-04      1.841762E-01      -4.519737E-01     
7.669469E-01      9.467910E-02      -2.898364E-02     -4.742443E-01     -3.034245E-02     -9.462115E-03     -3.156425E-01     -4.649411E-02     2.516654E-03      -2.660947E-03     -4.697875E-01     -4.411158E+00     
8.730696E-01      1.277238E-01      -9.382307E-02     -6.296448E-01     -1.425948E-02     -1.063304E-02     -1.653658E-01     -2.159495E-02     7.842587E-04      -2.454424E-03     -2.957058E-01     -1.345292E-01     
8.235317E-01      9.017398E-02      -4.037220E-02     -6.901668E-01     -4.646184E-02     -1.154591E-02     -2.147960E-01     -4.554874E-02     2.447186E-03      -3.052188E-03     -4.427602E-01     -2.696296E+00     
8.477483E-01      9.794217E-02      -6.661937E-02     -7.320560E-01     -3.046318E-02     -1.046573E-02     -2.301968E-01     -2.775753E-02     3.524047E-04      -2.405997E-03     -4.162926E-01     -1.632952E+00     
8.017923E-01      1.348745E-01      -8.879647E-02     -5.265817E-01     -1.998195E-02     -9.663439E-03     -2.259989E-01     -3.132496E-02     1.169513E-03      -2.740823E-03     -3.853709E-02     -4.030521E-01     
1.454836E+00      1.183298E-01      -3.751174E-02     2.257583E-01      5.390992E-03      4.294343E-03      8.656754E-02      1.062047E-02      -7.670481E-04     6.709485E-04      1.366549E-01      2.839815E-04      
1.452452E+00      1.825495E-02      -1.104605E-02     6.043898E-02      1.449883E-03      9.574702E-04      1.706200E-02      1.935320E-03      -2.715482E-04     7.889805E-05      3.447668E-02      -6.092966E-01     
9.279091E-01      1.206876E-01      -1.048055E-01     -6.643721E-01     -3.582898E-02     -1.160936E-02     -6.676852E-02     -2.469092E-02     3.165156E-04      -2.597027E-03     -3.192908E-01     -1.201798E-01     
7.771422E-01      1.446025E-01      -9.294869E-02     -4.808954E-01     -1.751397E-02     -8.142497E-03     -1.863026E-01     -2.444984E-02     1.467741E-03      -2.587050E-03     1.309942E-01      -3.302146E-01     
1.485096E+00      1.086922E-01      -3.789822E-02     2.493329E-01      1.138782E-02      3.611582E-03      7.275358E-02      1.060399E-02      -6.754789E-04     5.587339E-04      1.348460E-01      -1.208133E-02     
7.124608E-01      9.384283E-02      4.733831E-02      -1.540185E+00     -3.000826E-02     -2.840101E-02     -1.078328E+00     -1.173729E-01     2.643912E-03      -3.261369E-03     -7.817814E+00     -2.433725E+01     
1.086366E+00      1.372992E-01      -1.212151E-01     3.760743E-03      1.638177E-02      -3.310104E-03     1.317699E-01      7.477871E-03      -1.048029E-03     -1.228350E-03     9.478435E-02      2.793626E-01      
9.433736E-01      7.817021E-02      -8.727106E-02     -7.255268E-01     -5.907583E-03     -1.578390E-02     -1.374816E-01     -2.303155E-02     2.080588E-04      -2.721057E-03     -3.908364E-01     -1.432949E+00     
1.267061E+00      9.170801E-02      -7.461384E-02     3.149625E-01      1.373178E-02      3.499062E-03      1.463522E-01      1.389928E-02      -9.105822E-04     1.710401E-04      2.371214E-01      -2.472248E-01     
1.033504E+00      1.159523E-01      -1.217389E-01     -1.824610E-01     5.196640E-03      -6.777285E-03     8.136839E-02      -1.245764E-03     -2.453050E-04     -1.695172E-03     1.938585E-02      1.754210E-02      
1.356750E+00      1.288219E-01      -5.792505E-02     3.497652E-01      2.103511E-02      4.735037E-03      9.597681E-02      1.619774E-02      -7.151978E-04     6.520714E-04      1.990529E-01      1.247809E-02      
7.437384E-01      9.140145E-02      8.373986E-03      -4.311781E-01     -1.804086E-02     -7.590146E-03     -3.364092E-01     -3.896524E-02     9.724519E-04      -1.621231E-03     -1.044894E+00     -6.193157E+00     
1.194374E+00      8.423869E-02      -9.550430E-02     2.663362E-01      3.416609E-02      2.784241E-04      1.378586E-01      1.479834E-02      -1.025876E-03     -5.187789E-04     2.426754E-01      -4.925105E-01     
1.397737E+00      1.288219E-01      -4.725114E-02     2.682930E-01      3.645894E-03      5.305860E-03      1.146502E-01      1.036122E-02      -2.651803E-04     5.715290E-04      1.674155E-01      -1.642394E-03     
1.197623E+00      1.395263E-01      -9.391308E-02     2.960919E-01      1.502965E-02      3.023006E-03      1.645645E-01      1.488929E-02      -5.398786E-04     3.465089E-05      2.396793E-01      1.425087E-01      
6.998504E-01      8.969712E-02      2.453217E-01      6.399295E-01      2.492240E-02      -3.067201E-03     -1.562633E-01     5.566599E-04      3.867573E-03      4.065014E-03      -3.071919E+00     -5.131340E+00     
9.005905E-01      1.343367E-01      -1.002334E-01     -6.186933E-01     -1.889138E-02     -1.035520E-02     -1.135340E-01     -2.066655E-02     7.595188E-04      -2.223144E-03     -2.751035E-01     -2.030178E-02     
7.916366E-01      8.890759E-02      -2.508917E-02     -6.182755E-01     -1.230172E-02     -1.041910E-02     -3.275393E-01     -3.489481E-02     2.108571E-03      -2.832127E-03     -7.017801E-01     -3.650679E+00     
8.250258E-01      1.278683E-01      -7.341369E-02     -5.521489E-01     -4.488445E-02     -8.844171E-03     -2.093166E-01     -3.231944E-02     1.589945E-03      -1.879753E-03     -1.732284E-01     -3.435648E-01     
7.372596E-01      1.412058E-01      -9.836164E-02     -4.447068E-01     -2.780965E-02     -9.180376E-03     -1.962279E-01     -3.986693E-02     2.579779E-03      -2.501463E-03     4.728446E-01      -2.749151E-01     
1.095062E+00      9.774299E-02      -1.137594E-01     7.203646E-02      1.141571E-02      -2.980413E-03     1.378615E-01      5.734676E-03      -9.669914E-04     -1.159116E-03     1.969846E-01      -3.167367E-01     
8.088351E-01      1.007594E-01      -6.828392E-02     -6.104333E-01     -9.939228E-03     -1.131448E-02     -3.123956E-01     -2.957812E-02     8.030612E-04      -3.107749E-03     -3.677669E-01     -1.831155E+00     
9.795258E-01      1.167443E-01      -1.227211E-01     -3.304207E-01     4.935436E-04      -9.249334E-03     2.685861E-02      -7.548433E-03     -1.066578E-04     -2.221786E-03     -7.915091E-02     5.464600E-03      
7.529934E-01      9.331047E-02      -2.086689E-02     -5.232813E-01     -2.818269E-02     -8.742911E-03     -2.846542E-01     -4.981235E-02     3.217823E-03      -2.841282E-03     -7.314218E-01     -5.432083E+00     
8.615389E-01      1.028852E-01      -8.772700E-02     -7.242592E-01     -2.398160E-02     -1.267266E-02     -1.863113E-01     -3.226947E-02     6.723314E-04      -3.139798E-03     -3.587134E-01     -9.733261E-01     
1.148334E+00      9.025391E-02      -1.004373E-01     1.494869E-01      1.344144E-02      -1.780343E-03     1.271128E-01      7.235835E-03      -9.955021E-04     -7.797396E-04     2.094948E-01      -4.544949E-01     
1.293439E+00      1.987366E-02      -1.921150E-02     6.239942E-02      2.547051E-03      3.484980E-04      2.664387E-02      2.155346E-03      -2.609990E-04     -1.554203E-05     5.552824E-02      -9.545701E-01     
1.152898E+00      1.372995E-01      -1.003962E-01     2.254294E-01      8.853096E-03      1.817055E-03      1.735728E-01      1.148350E-02      -1.023863E-03     -1.414968E-04     2.399964E-01      1.584622E-01      
7.265114E-01      9.138936E-02      2.656616E-02      -4.703788E-01     -1.687115E-02     -8.702037E-03     -3.562597E-01     -4.808276E-02     9.377497E-04      -1.416793E-03     -2.629407E+00     -1.107571E+01     
8.808967E-01      9.977529E-02      -6.874694E-02     -7.870041E-01     -4.180506E-02     -1.166767E-02     -2.058372E-01     -3.053753E-02     3.856772E-04      -2.271188E-03     -4.242214E-01     -1.291256E+00     
1.332903E+00      6.528668E-02      -4.870330E-02     2.089538E-01      5.729744E-03      2.731162E-03      8.529700E-02      7.623411E-03      -7.015666E-04     2.276981E-04      1.549543E-01      -4.825197E-01     
7.066761E-01      1.379506E-01      -1.207745E-01     -4.622531E-01     -3.663713E-03     -1.092522E-02     -2.957758E-01     -3.358631E-02     1.647922E-03      -2.889898E-03     8.404280E-01      3.403027E-03      
1.364734E+00      1.987366E-02      -1.606360E-02     7.733775E-02      2.803645E-03      1.001673E-03      2.728743E-02      2.824703E-03      -3.847426E-04     8.184611E-05      5.130237E-02      -8.007419E-01     
7.077759E-01      8.959503E-02      2.178261E-01      -5.611791E-01     -2.300415E-02     -1.904097E-02     -6.377213E-01     -6.261144E-02     9.150698E-03      2.295134E-03      -5.213872E+00     -1.160081E+01     
8.027915E-01      8.497321E-02      -2.767576E-02     -7.165453E-01     -1.483384E-02     -1.072496E-02     -2.825973E-01     -3.569494E-02     2.162040E-03      -2.919808E-03     -7.649931E-01     -3.362042E+00     
7.234082E-01      8.545684E-02      1.738678E-01      -1.538058E+00     -7.856806E-02     -2.543081E-02     -7.187132E-01     -9.720457E-02     3.350370E-03      -6.986390E-04     -6.500654E+00     -1.523130E+01     
7.785337E-01      9.425503E-02      -3.533181E-02     -5.608943E-01     -1.399070E-02     -9.529115E-03     -3.219754E-01     -3.713290E-02     4.104636E-03      -2.700483E-03     -5.176166E-01     -3.838286E+00     
1.309327E+00      1.288219E-01      -6.380891E-02     3.249980E-01      8.932898E-03      4.986013E-03      1.273448E-01      1.304591E-02      -2.782530E-04     5.051127E-04      2.126731E-01      1.520574E-02      
7.384505E-01      9.832935E-02      -4.595631E-02     -5.326826E-01     -1.337463E-02     -1.137547E-02     -3.259422E-01     -4.757521E-02     1.059229E-03      -3.737297E-03     -5.587950E-01     -5.767260E+00     
7.611636E-01      8.881072E-02      7.728853E-03      -4.850471E-01     -7.710693E-03     -7.750803E-03     -3.843377E-01     -2.553897E-02     1.819737E-03      -1.713644E-03     -1.042853E+00     -4.985507E+00     
7.045647E-01      8.145511E-02      1.059817E-01      1.775985E+00      7.224018E-02      3.395977E-02      8.826123E-01      8.255456E-02      -1.780580E-02     -1.001730E-03     6.496862E+01      8.198251E+01      
8.445685E-01      8.530239E-02      -5.970151E-02     -8.157342E-01     -1.416499E-02     -1.379497E-02     -2.580796E-01     -3.632394E-02     1.937692E-03      -3.369157E-03     -5.815371E-01     -2.356425E+00     
8.487212E-01      1.321011E-01      -9.380531E-02     -6.043878E-01     -3.430014E-02     -1.051118E-02     -1.359570E-01     -3.194663E-02     5.554744E-04      -2.771058E-03     -1.990855E-01     -2.152757E-01     
7.398570E-01      8.228043E-02      1.047572E-01      -1.323446E+00     -2.184835E-02     -2.032255E-02     -8.785938E-01     -7.124805E-02     3.499928E-03      -2.399481E-03     -5.684018E+00     -1.415443E+01     
7.234727E-01      1.370570E-01      -1.030004E-01     -4.115723E-01     -1.051800E-02     -8.365019E-03     -2.818551E-01     -3.268168E-02     2.502962E-03      -2.280481E-03     6.262125E-01      -3.156773E-01     
7.557288E-01      8.430044E-02      2.192600E-02      -4.797479E-01     -8.612781E-03     -9.250528E-03     -3.481709E-01     -3.507423E-02     3.421049E-03      -2.036400E-03     -1.306749E+00     -5.239783E+00     
7.165978E-01      8.158635E-02      2.455137E-01      4.748986E-01      1.676971E-02      -3.892526E-03     -3.860307E-01     -1.889238E-02     1.988159E-03      3.414768E-03      -4.448900E+00     -9.297299E+00     
7.330586E-01      8.038308E-02      1.499808E-01      -1.278727E+00     -2.579177E-02     -2.502564E-02     -7.872814E-01     -8.970644E-02     2.088799E-03      -1.824528E-03     -7.219961E+00     -1.657877E+01     
7.461454E-01      8.084535E-02      1.312109E-01      -1.578531E+00     -1.217349E-01     -2.335786E-02     -7.651270E-01     -1.052327E-01     2.107940E-03      -1.380986E-03     -5.283750E+00     -1.265860E+01     
9.038477E-01      8.228629E-02      -8.662499E-02     -7.703146E-01     -1.329287E-02     -1.495534E-02     -1.681152E-01     -2.980048E-02     5.227627E-04      -3.290540E-03     -4.381721E-01     -1.625234E+00     
7.716054E-01      8.357604E-02      1.696977E-02      -4.824054E-01     -1.363029E-02     -8.156783E-03     -3.941416E-01     -3.460244E-02     3.193184E-03      -1.611071E-03     -1.129341E+00     -4.389683E+00     
8.779059E-01      7.946376E-02      -6.592643E-02     -8.413565E-01     -2.530043E-02     -1.442823E-02     -2.004961E-01     -3.730828E-02     1.116207E-03      -3.512162E-03     -5.693942E-01     -2.022734E+00     
8.256066E-01      7.838360E-02      -5.308789E-03     -6.565864E-01     -4.298320E-02     -9.832995E-03     -2.743209E-01     -4.105845E-02     8.914078E-04      -2.135793E-03     -7.594860E-01     -2.837248E+00     
7.994395E-01      9.152371E-02      -4.748677E-02     -6.701778E-01     -3.160239E-02     -1.147297E-02     -2.499263E-01     -4.674893E-02     3.323029E-03      -3.547685E-03     -4.941937E-01     -3.163708E+00     
9.161049E-01      8.084637E-02      -8.270913E-02     -7.761015E-01     -1.296995E-02     -1.484873E-02     -1.796020E-01     -2.764628E-02     1.353846E-03      -2.918799E-03     -4.654946E-01     -1.599817E+00     
7.663889E-01      4.774013E-02      5.245976E-01      1.798552E+00      5.223836E-02      1.004022E-02      -1.118304E+00     -1.134686E-02     4.579934E-02      6.537988E-03      -5.649035E+00     -2.132754E+01     
1.416320E+00      1.086922E-01      -4.274983E-02     2.626875E-01      7.084085E-03      4.304340E-03      8.444271E-02      1.251906E-02      -9.754500E-04     7.481938E-04      1.514391E-01      -2.136010E-02     
1.332082E+00      1.288219E-01      -5.707467E-02     3.205434E-01      8.620391E-03      4.920260E-03      1.056980E-01      1.390534E-02      -3.522329E-04     6.172890E-04      1.946835E-01      4.884181E-03      
7.896834E-01      8.006683E-02      -4.427026E-03     -6.558066E-01     -1.490112E-02     -9.871473E-03     -2.962355E-01     -3.596313E-02     1.776137E-03      -2.791298E-03     -1.010211E+00     -3.642575E+00     
7.639287E-01      7.989950E-02      6.510597E-02      -8.298919E-01     -4.458559E-02     -9.946016E-03     -4.963756E-01     -5.190895E-02     1.400832E-03      -9.543204E-04     -2.521442E+00     -7.844836E+00     
7.530139E-01      4.825588E-02      5.260568E-01      3.705106E+00      1.222532E-01      2.790840E-02      -6.848405E-01     8.146639E-02      3.714098E-02      1.470480E-02      1.464128E+01      1.341991E+01      
7.514682E-01      1.327399E-01      -9.056561E-02     -4.449750E-01     -2.064657E-02     -9.555159E-03     -2.482307E-01     -3.767017E-02     2.647276E-03      -2.450109E-03     3.881249E-01      -5.589073E-01     
1.418267E+00      8.423869E-02      -3.747807E-02     1.938887E-01      3.144157E-03      3.506062E-03      7.214150E-02      9.232888E-03      -7.842612E-04     6.153449E-04      1.263649E-01      -1.187723E-01     
7.007836E-01      9.629460E-02      7.574528E-02      -2.171692E+00     -7.400096E-02     -4.479876E-02     -1.665281E+00     -2.106117E-01     6.618673E-03      -3.272460E-03     -1.471928E+01     -3.981911E+01     
7.818773E-01      8.780697E-02      -2.099033E-02     -6.157967E-01     -1.595795E-02     -1.068249E-02     -3.468365E-01     -3.989225E-02     2.629184E-03      -2.873525E-03     -8.191409E-01     -4.152376E+00     
1.248374E+00      1.086922E-01      -7.843343E-02     3.112270E-01      6.779891E-03      4.650765E-03      1.725205E-01      1.271646E-02      -5.174308E-04     2.138315E-04      2.473979E-01      -7.286932E-02     
1.234358E+00      1.288219E-01      -8.381199E-02     3.470171E-01      2.030061E-02      3.726365E-03      1.428824E-01      1.723443E-02      -1.129210E-03     3.141682E-04      2.500081E-01      6.056342E-02      
9.103218E-01      9.591047E-02      -9.599004E-02     -7.770527E-01     -3.554675E-02     -1.447644E-02     -1.342293E-01     -3.419912E-02     4.053084E-04      -3.261310E-03     -4.026628E-01     -1.070220E+00     
7.823472E-01      4.686152E-02      4.949780E-01      1.117134E+00      1.920375E-02      1.117422E-02      -1.143927E+00     -3.086730E-02     9.958933E-03      5.635827E-03      -5.308009E+00     -2.310623E+01     
1.259768E+00      1.288219E-01      -8.005776E-02     3.735951E-01      2.929035E-02      4.176524E-03      1.278900E-01      1.739987E-02      -3.426520E-04     3.484268E-04      2.463540E-01      5.171789E-02      
8.107586E-01      7.749392E-02      -5.424554E-04     -6.594005E-01     -2.485520E-02     -7.960024E-03     -2.738120E-01     -3.413987E-02     2.303522E-03      -1.978402E-03     -9.037789E-01     -3.018662E+00     
1.230060E+00      9.170801E-02      -8.359451E-02     3.314498E-01      2.566929E-02      2.511986E-03      1.258786E-01      1.592781E-02      -5.720986E-04     -3.234281E-05     2.444663E-01      -2.814069E-01     
7.894158E-01      4.701852E-02      4.429672E-01      9.147908E-01      1.965651E-02      7.742266E-03      -1.029065E+00     -5.094244E-02     4.111708E-03      4.372588E-03      -4.345875E+00     -2.171558E+01     
7.476880E-01      1.006455E-01      -4.636407E-02     -4.570973E-01     -6.793390E-03     -8.247699E-03     -3.472756E-01     -2.604854E-02     4.946566E-03      -2.700089E-03     -3.669897E-01     -4.649380E+00     
9.505788E-01      3.075334E-02      -2.562401E-01     5.050404E+00      2.611085E-01      7.128786E-02      2.151406E+00      2.708904E-01      -1.181981E-02     1.055311E-02      3.801974E+00      2.826098E+01      
7.703468E-01      1.228477E-01      -9.046579E-02     -5.386789E-01     -1.128288E-02     -1.040401E-02     -2.327288E-01     -3.307982E-02     3.892014E-03      -2.914829E-03     1.278878E-01      -5.745360E-01     
9.619182E-01      2.786759E-02      -2.893557E-01     5.328962E+00      2.337185E-01      6.710832E-02      2.161984E+00      2.500273E-01      -2.324241E-03     8.900499E-03      3.691668E+00      2.718441E+01      
9.376813E-01      2.909231E-02      -3.572232E-01     4.722181E+00      1.864522E-01      4.768827E-02      2.100410E+00      2.231626E-01      -6.172372E-03     6.315794E-03      4.135417E+00      2.781244E+01      
7.710084E-01      1.031556E-01      -5.203627E-02     -4.236189E-01     -3.312605E-02     -7.030434E-03     -2.384454E-01     -3.380281E-02     1.473827E-03      -2.129113E-03     -7.430175E-02     -2.582531E+00     
7.541466E-01      1.470638E-01      -9.617203E-02     -4.332707E-01     -8.984925E-03     -8.436969E-03     -2.466988E-01     -2.811187E-02     3.233783E-03      -2.368518E-03     2.633512E-01      -2.434448E-01     
1.371797E+00      8.423869E-02      -5.479515E-02     3.099021E-01      1.931323E-02      4.294503E-03      1.049733E-01      1.451968E-02      -3.989668E-04     3.891503E-04      1.875350E-01      -2.408440E-01     
8.181961E-01      4.774685E-02      2.808598E-01      -1.172727E+00     -4.703135E-02     -1.435618E-02     -9.632597E-01     -1.090875E-01     3.776786E-03      -1.853149E-03     -4.288992E+00     -2.267477E+01     
9.711326E-01      7.648995E-02      -9.630795E-02     -5.493828E-01     -1.322155E-03     -1.329907E-02     -5.954862E-02     -1.474318E-02     8.003474E-05      -2.504157E-03     -2.416175E-01     -1.223501E+00     
8.086766E-01      4.811369E-02      3.151031E-01      -2.480218E-01     -4.238116E-02     -7.263406E-03     -6.224976E-01     -9.002206E-02     2.002424E-03      -3.294109E-04     -3.327628E+00     -1.948233E+01     
9.113473E-01      3.160848E-02      3.294526E-01      -3.386064E+00     -1.712374E-01     -4.259288E-02     -1.451345E+00     -2.070315E-01     6.171153E-03      -7.481816E-03     -3.784528E+01     -7.798056E+01     
7.176024E-01      1.004743E-01      -3.756450E-02     -5.499283E-01     -3.955742E-03     -1.118021E-02     -3.929876E-01     -4.478439E-02     4.325077E-03      -3.400624E-03     -1.120600E+00     -8.382666E+00     
9.300973E-01      1.019203E-01      -1.100557E-01     -6.302718E-01     -6.870742E-03     -1.323234E-02     -1.020909E-01     -2.125582E-02     1.215840E-03      -2.938222E-03     -2.748198E-01     -6.447410E-01     
1.174466E+00      1.078462E-01      -1.011171E-01     2.684778E-01      1.580169E-02      9.958223E-04      1.644279E-01      1.180758E-02      -8.199041E-04     -4.024909E-04     2.514501E-01      -1.040438E-01     
1.002275E+00      9.803107E-02      -1.146483E-01     -5.975462E-01     -2.536186E-02     -1.278713E-02     4.919948E-03      -1.844327E-02     -2.141231E-04     -2.761965E-03     -2.295142E-01     -5.849054E-01     
7.102367E-01      7.957684E-02      2.660570E-01      2.131730E+00      6.458856E-02      2.501405E-02      3.416258E-01      6.194150E-02      -3.919193E-03     7.050414E-03      6.920942E+00      5.118711E+00      
1.220796E+00      5.996928E-02      -6.349270E-02     1.705028E-01      8.297273E-03      6.989508E-04      9.202550E-02      6.846835E-03      -8.265297E-04     -1.881472E-04     1.793913E-01      -7.767584E-01     
1.287045E+00      1.086922E-01      -6.700993E-02     3.231277E-01      1.182937E-02      5.216726E-03      1.416525E-01      1.573938E-02      -6.605332E-04     5.195027E-04      2.298581E-01      -5.221575E-02     
1.224130E+00      1.676806E-02      -2.297316E-02     5.445119E-02      9.163783E-03      -3.971322E-04     3.007578E-02      2.848905E-03      -1.285384E-04     -1.893944E-04     5.890352E-02      -1.360815E+00     
7.451641E-01      1.230535E-01      -8.594826E-02     -4.543069E-01     -1.058992E-02     -8.275706E-03     -2.414230E-01     -2.656995E-02     1.215080E-03      -2.469251E-03     3.904344E-01      -6.821903E-01     
9.578807E-01      3.044011E-02      -4.100848E-01     4.813135E+00      4.609760E-01      4.996234E-02      1.949706E+00      2.655808E-01      -6.257866E-03     3.974761E-03      3.264984E+00      3.042712E+01      
8.319183E-01      1.464385E-01      -9.951519E-02     -5.464972E-01     -1.578835E-02     -9.639008E-03     -1.437805E-01     -2.670788E-02     1.253361E-03      -2.835580E-03     -9.413024E-02     -1.634642E-01     
9.888948E-01      2.753978E-02      -1.089338E-01     4.669095E+00      1.304795E-01      6.847531E-02      1.512102E+00      2.107560E-01      -7.339128E-03     1.177126E-02      2.656133E+00      1.745207E+01      
9.963102E-01      2.747537E-02      -7.722682E-02     2.908943E+00      6.965659E-02      4.574855E-02      1.211370E+00      1.303222E-01      -5.111822E-03     7.502849E-03      1.987618E+00      1.159342E+01      
7.694282E-01      5.131393E-02      4.325181E-01      9.047873E-01      1.857203E-02      2.529262E-03      -9.362626E-01     -4.162430E-02     1.862851E-02      3.595534E-03      -5.956943E+00     -2.121946E+01     
8.964656E-01      3.111066E-02      4.296373E-01      -2.564985E+00     -1.130850E-01     -2.207072E-02     -1.866281E+00     -1.549800E-01     2.166318E-03      -2.441419E-03     -3.752709E+00     -2.619781E+01     
9.528732E-01      9.989861E-02      -1.068169E-01     -7.148933E-01     -3.268933E-02     -1.402467E-02     -4.257389E-02     -2.775845E-02     8.561937E-05      -3.109646E-03     -3.088179E-01     -6.456805E-01     
8.952911E-01      1.059421E-01      -9.898058E-02     -7.110541E-01     -2.002820E-02     -1.166432E-02     -9.644484E-02     -2.428012E-02     7.507139E-04      -2.853219E-03     -3.013574E-01     -6.027119E-01     
9.124302E-01      2.709267E-02      4.947349E-01      -2.895203E+00     -3.077657E-01     -3.570821E-02     -1.509881E+00     -2.324795E-01     3.610567E-03      -3.438683E-03     -3.058815E+00     -2.637456E+01     
8.312177E-01      1.015810E-01      -7.627775E-02     -6.938050E-01     -2.505243E-02     -1.279512E-02     -2.142067E-01     -3.574666E-02     1.110029E-03      -3.011539E-03     -3.165622E-01     -1.341818E+00     
8.469392E-01      4.643505E-02      1.944774E-01      -2.182283E+00     -6.045244E-02     -2.919936E-02     -1.132354E+00     -1.341809E-01     5.527162E-03      -5.373782E-03     -4.107413E+00     -2.435486E+01     
1.000252E+00      1.377678E-01      -1.208005E-01     -3.598813E-01     -8.191320E-03     -8.943737E-03     3.240777E-02      -9.478193E-03     -2.925178E-04     -2.091842E-03     -1.311089E-01     2.528033E-01      
9.094904E-01      2.549002E-02      4.794930E-01      -3.046253E+00     -1.187567E-01     -3.002595E-02     -1.950003E+00     -1.791146E-01     4.478349E-03      -4.917860E-03     -6.455365E+00     -2.699848E+01     
7.342757E-01      1.239932E-01      -8.392709E-02     -4.131156E-01     -2.846183E-02     -8.227472E-03     -2.378553E-01     -3.851244E-02     8.491788E-04      -1.913550E-03     5.670410E-01      -6.762531E-01     
8.662054E-01      1.508529E-01      -9.850978E-02     -5.582327E-01     -1.825515E-02     -9.380127E-03     -1.061503E-01     -2.533775E-02     1.389258E-03      -2.666185E-03     -1.411218E-01     -5.900127E-02     
7.807407E-01      1.046631E-01      -5.609789E-02     -4.515279E-01     -2.936643E-02     -8.322960E-03     -2.356593E-01     -3.375099E-02     1.336981E-03      -2.047182E-03     -7.174378E-02     -1.973268E+00     
1.010312E+00      2.510448E-02      -2.090899E-01     6.270175E+00      2.388102E-01      9.023262E-02      2.341113E+00      2.781638E-01      -6.211504E-03     1.237814E-02      3.707534E+00      2.496856E+01      
9.312376E-01      3.209453E-02      -3.426718E-01     4.601533E+00      3.949448E-01      5.436711E-02      1.706166E+00      2.686836E-01      -3.122342E-03     7.136484E-03      -4.847359E+01     -7.701215E+01     
8.971753E-01      2.519902E-02      5.998954E-01      -2.114144E+00     -2.011129E-01     -1.160978E-02     -1.627996E+00     -1.778023E-01     2.442135E-03      -4.740377E-04     -3.250121E+00     -2.629327E+01     
1.028383E+00      7.576117E-02      -1.039227E-01     -3.943928E-01     3.734562E-03      -1.232891E-02     2.969353E-04      -9.316885E-03     -2.644392E-04     -2.041631E-03     -9.375261E-02     -1.056796E+00     
8.870384E-01      3.236575E-02      3.817676E-01      -2.674133E+00     -1.024794E-01     -2.292640E-02     -1.411302E+00     -1.522199E-01     5.002620E-03      -3.832945E-03     -3.631560E+00     -2.447499E+01     
1.426435E+00      1.526796E-01      -4.373273E-02     2.602345E-01      3.924721E-03      4.442893E-03      9.234609E-02      8.263156E-03      -6.083530E-04     5.166578E-04      1.505654E-01      1.895221E-02      
9.753770E-01      5.917036E-02      -7.413553E-02     -5.837146E-01     -2.809903E-03     -1.314519E-02     -6.465897E-02     -1.661093E-02     1.305936E-05      -2.171018E-03     -3.138767E-01     -1.322101E+00     
8.216121E-01      6.186938E-02      3.418128E-02      -9.316085E-01     -4.530651E-02     -9.250728E-03     -3.020659E-01     -4.647734E-02     2.721176E-04      -2.220341E-03     -1.997308E+00     -6.601591E+00     
8.339937E-01      6.270474E-02      4.989229E-03      -6.763761E-01     -1.935141E-02     -7.642181E-03     -2.440197E-01     -2.929098E-02     1.672853E-03      -1.830341E-03     -1.025235E+00     -2.347348E+00     
9.413896E-01      5.600462E-02      -4.989460E-02     -8.038878E-01     -3.506038E-02     -1.439950E-02     -1.447064E-01     -3.025484E-02     2.004076E-04      -2.389700E-03     -6.527644E-01     -1.518470E+00     
1.006239E+00      2.736065E-02      -9.253879E-02     3.960072E+00      1.118756E-01      6.090252E-02      1.461865E+00      1.751337E-01      -2.298404E-03     8.697115E-03      2.359414E+00      1.431325E+01      
8.817652E-01      3.099880E-02      4.519032E-01      -2.248147E+00     -1.389255E-01     -1.605952E-02     -1.383977E+00     -1.498356E-01     3.051053E-03      -3.047110E-03     -3.575593E+00     -2.510352E+01     
8.616574E-01      4.672032E-02      1.294945E-01      -2.771816E+00     -8.205885E-02     -3.541396E-02     -1.233756E+00     -1.318808E-01     2.277209E-03      -5.979509E-03     -4.042087E+00     -2.493897E+01     
8.630840E-01      3.388617E-02      4.113609E-01      -1.960285E+00     -8.844254E-02     -2.203854E-02     -1.387594E+00     -1.472525E-01     2.635244E-03      -3.638001E-03     -3.813403E+00     -2.465485E+01     
9.240329E-01      3.276108E-02      -2.708793E-01     4.843386E+00      2.883526E-01      6.141423E-02      1.595664E+00      2.704422E-01      -3.094670E-03     1.049803E-02      -9.150583E+00     -4.154053E+00     
8.126858E-01      4.481846E-02      3.948787E-01      -2.703462E-01     -2.992028E-02     -5.228681E-03     -1.162022E+00     -8.442898E-02     4.653738E-03      1.188808E-03      -4.363467E+00     -2.409328E+01     
1.353000E+00      9.983961E-02      -5.287494E-02     2.775728E-01      8.141434E-03      4.235314E-03      1.065603E-01      1.188814E-02      -3.135390E-04     5.515717E-04      1.835276E-01      -7.723702E-02     
9.982409E-01      5.893216E-02      -7.559271E-02     -6.922037E-01     -2.226932E-02     -1.406755E-02     -6.097457E-02     -2.275777E-02     -3.764575E-04     -2.276826E-03     -3.678214E-01     -1.336188E+00     
8.904150E-01      6.158454E-02      -2.338795E-02     -8.201714E-01     -3.252256E-02     -1.064157E-02     -1.967835E-01     -2.822846E-02     2.689484E-04      -1.990967E-03     -7.178687E-01     -1.758697E+00     
7.554130E-01      1.057713E-01      -5.679111E-02     -3.733155E-01     -1.770164E-02     -7.459449E-03     -2.684102E-01     -3.188019E-02     2.261998E-03      -1.935582E-03     5.891223E-02      -2.581328E+00     
7.129969E-01      1.241207E-01      -1.274803E-01     -5.531485E-01     -8.127626E-03     -1.333774E-02     -2.715528E-01     -4.276459E-02     1.968583E-03      -4.452950E-03     9.598784E-01      -7.723926E-01     
8.654218E-01      6.080054E-02      -7.499844E-03     -7.376779E-01     -2.033972E-02     -7.859216E-03     -2.209959E-01     -2.077050E-02     2.482614E-04      -1.651957E-03     -7.879260E-01     -1.756665E+00     
9.858559E-01      3.264278E-02      -1.079224E-01     4.000416E+00      2.743838E-01      4.918850E-02      1.186818E+00      1.971326E-01      -4.399403E-03     8.464147E-03      2.234367E+00      1.822239E+01      
8.960932E-01      1.463644E-01      -1.105384E-01     -4.794076E-01     -1.236977E-02     -9.554202E-03     -7.665606E-02     -2.046380E-02     4.890813E-04      -2.713192E-03     -1.487283E-01     6.308899E-02      
1.002227E+00      2.984416E-02      -7.182822E-02     2.364681E+00      1.185357E-01      3.269640E-02      7.573606E-01      1.219730E-01      -2.560407E-03     5.362993E-03      1.575512E+00      9.908636E+00      
7.566305E-01      7.749065E-02      7.586922E-02      -9.682962E-01     -3.079747E-02     -1.561325E-02     -6.271721E-01     -6.753506E-02     1.535418E-03      -2.026795E-03     -3.532435E+00     -9.897285E+00     
1.022869E+00      2.510448E-02      -7.769527E-02     3.410515E+00      1.513257E-01      5.504856E-02      1.214687E+00      1.675593E-01      -1.180308E-03     7.756132E-03      2.224601E+00      1.155206E+01      
1.167166E+00      5.990481E-02      -8.238208E-02     1.120271E-01      2.223998E-02      -2.468091E-03     1.058507E-01      6.744795E-03      -6.500299E-04     -8.443122E-04     1.719321E-01      -1.007482E+00     
8.931842E-01      4.522456E-02      8.707158E-02      -3.125132E+00     -1.417908E-01     -4.347683E-02     -1.334620E+00     -1.614152E-01     2.227642E-03      -6.278619E-03     -6.717157E+00     -2.444122E+01     
7.594777E-01      1.149118E-01      -7.199191E-02     -4.146092E-01     -2.445604E-02     -6.819476E-03     -1.786483E-01     -2.824057E-02     3.166200E-03      -1.954653E-03     1.973317E-01      -8.503357E-01     
7.185542E-01      1.467037E-01      -1.120995E-01     -4.692161E-01     -1.330332E-02     -8.589921E-03     -1.758045E-01     -3.151982E-02     1.013676E-03      -2.941857E-03     5.654545E-01      3.824773E-02      
7.946536E-01      1.472146E-01      -1.044184E-01     -5.178679E-01     -1.236586E-02     -9.885488E-03     -1.703981E-01     -3.042401E-02     2.452871E-03      -3.283557E-03     4.532317E-02      -2.001299E-01     
8.313059E-01      4.219342E-02      3.182921E-01      -1.533524E+00     -5.479654E-02     -2.169600E-02     -1.127754E+00     -1.278766E-01     4.485246E-03      -3.585129E-03     -4.195520E+00     -2.367803E+01     
9.073154E-01      3.456555E-02      -2.508315E-01     4.455191E+00      1.398049E-01      5.642276E-02      1.797741E+00      2.249257E-01      -7.161018E-03     9.827168E-03      -2.349823E+01     -7.880212E+01     
7.931560E-01      4.272063E-02      5.307776E-01      1.020976E+00      4.917966E-03      1.277140E-02      -1.125685E+00     -1.564813E-02     4.394431E-03      5.074532E-03      -4.638538E+00     -2.348225E+01     
7.364437E-01      6.384261E-02      4.314632E-01      2.254095E+00      6.733141E-02      1.315702E-02      -9.731454E-01     3.055919E-02      2.829362E-02      1.047896E-02      -4.331078E+00     -1.680743E+01     
9.135165E-01      6.363202E-02      -5.309646E-02     -8.039487E-01     -1.370485E-02     -1.430307E-02     -1.651571E-01     -2.776237E-02     1.232023E-03      -2.718649E-03     -5.642275E-01     -1.705159E+00     
7.954042E-01      6.304010E-02      1.028674E-01      -1.437244E+00     -7.452252E-02     -1.854291E-02     -5.694587E-01     -9.638280E-02     -7.430311E-04     -3.602791E-03     -3.741021E+00     -1.330422E+01     
9.897298E-01      2.324917E-02      -4.085398E-01     6.159567E+00      3.824368E-01      7.085038E-02      2.461366E+00      2.962173E-01      -2.376036E-03     7.527318E-03      3.947563E+00      2.918110E+01      
8.832355E-01      6.258081E-02      -2.188959E-02     -8.688909E-01     -5.751519E-02     -1.213531E-02     -1.795502E-01     -4.128766E-02     5.224952E-04      -2.394352E-03     -7.347061E-01     -1.957892E+00     
1.484996E+00      1.402443E-01      -3.022115E-02     1.907140E-01      2.094056E-03      4.007251E-03      6.813617E-02      8.437827E-03      -9.795986E-04     6.437595E-04      1.123559E-01      -4.754663E-03     
9.819640E-01      3.555557E-02      -6.822225E-02     1.617501E+00      5.167846E-02      1.994776E-02      7.167836E-01      6.901821E-02      -1.108236E-03     2.651517E-03      1.151384E+00      9.862901E+00      
1.284947E+00      1.402443E-01      -7.090160E-02     3.122905E-01      6.539202E-03      4.302639E-03      1.409974E-01      1.012964E-02      -3.758725E-04     3.916186E-04      2.178662E-01      6.124076E-02      
8.363728E-01      3.357592E-02      5.657387E-01      -3.911210E-02     -5.732528E-02     5.973617E-03      -1.185746E+00     -8.442387E-02     2.315427E-03      2.653388E-03      -3.111685E+00     -2.434964E+01     
9.157156E-01      4.600162E-02      -6.656124E-03     2.065238E-02      -9.034617E-03     4.258333E-03      1.622936E-01      2.530397E-02      -1.082344E-03     9.618013E-04      -7.593453E+00     -8.393220E+00     
8.976186E-01      6.063681E-02      -2.199729E-02     -8.767050E-01     -5.881398E-02     -1.293380E-02     -1.759248E-01     -3.941397E-02     2.314769E-04      -2.303462E-03     -7.151070E-01     -1.806488E+00     
8.668312E-01      7.537697E-02      -2.632661E-02     -8.262380E-01     -6.831379E-02     -1.316022E-02     -2.295605E-01     -4.493453E-02     5.240678E-04      -2.499113E-03     -6.910025E-01     -2.305547E+00     
7.393331E-01      1.153644E-01      -8.986820E-02     -4.657581E-01     -2.219955E-02     -9.027298E-03     -1.915567E-01     -3.894168E-02     2.721524E-03      -2.967495E-03     4.074498E-01      -1.059146E+00     
1.014722E+00      2.975391E-02      -8.071093E-02     2.951627E+00      1.014257E-01      3.998838E-02      1.114014E+00      1.351942E-01      -6.242409E-03     5.914648E-03      1.860513E+00      1.171645E+01      
7.812951E-01      3.161811E-02      1.018860E-01      1.794298E+00      9.760523E-02      2.496137E-02      4.638108E-01      4.747657E-02      1.742624E-03      -4.392588E-03     2.472495E+02      5.965079E+02      
7.605854E-01      6.352865E-02      2.573532E-01      -1.208715E-01     -7.539243E-03     -6.568818E-03     -6.538177E-01     -6.233205E-02     3.345502E-03      1.045563E-03      -5.839251E+00     -1.760517E+01     
9.013187E-01      4.768565E-02      -2.965395E-03     -7.558566E-01     -4.364039E-02     -9.276066E-03     -1.556960E-01     -2.858124E-02     1.136521E-04      -1.589082E-03     -4.182256E+00     -1.269373E+01     
8.695609E-01      3.089520E-02      5.195850E-01      -1.515584E+00     -8.997666E-02     -1.368450E-02     -1.745716E+00     -1.420884E-01     1.164585E-02      -8.166292E-04     -3.747501E+00     -2.655678E+01     
8.486947E-01      3.451308E-02      5.227499E-01      -5.543413E-01     -5.858696E-02     -6.862870E-04     -1.416699E+00     -1.049311E-01     6.553545E-03      2.456166E-03      -3.323128E+00     -2.539534E+01     
1.131741E+00      6.566497E-03      -2.184018E-01     1.009564E+01      7.411731E-01      1.538101E-01      2.484849E+00      4.558733E-01      -2.548925E-02     2.211273E-02      5.069587E+00      3.049220E+01      
1.059372E+00      6.391566E-02      -9.366650E-02     -2.416033E-01     8.667441E-03      -9.934714E-03     3.346028E-02      -6.144585E-03     -7.584011E-04     -1.790841E-03     1.037711E-02      -1.152024E+00     
8.655834E-01      2.523472E-02      6.893458E-01      -5.749285E-01     -1.360106E-01     1.816935E-03      -1.482937E+00     -1.374507E-01     8.115700E-03      2.348841E-03      -2.940136E+00     -2.634127E+01     
9.261234E-01      2.376098E-02      5.648655E-01      -3.048270E+00     -2.012580E-01     -1.644352E-02     -1.810495E+00     -1.810700E-01     4.931619E-03      -2.345843E-03     -6.007442E+00     -2.765258E+01     
8.551870E-01      2.251892E-02      8.277805E-01      -3.273334E-03     -6.933337E-02     1.699186E-02      -2.023503E+00     -1.987940E-02     1.427960E-02      4.518578E-03      -4.018148E+00     -3.020181E+01     
8.818606E-01      2.275492E-02      7.411618E-01      -7.290046E-01     -1.165549E-01     8.919108E-03      -1.795903E+00     -1.215703E-01     1.604506E-02      3.082323E-03      -3.011896E+00     -2.720516E+01     
8.052499E-01      2.361992E-02      6.172400E-01      3.732802E+00      9.886510E-02      5.271300E-02      -2.169117E-01     5.162372E-02      -8.120078E-03     3.732913E-03      1.479365E+02      4.707847E+02      
8.712325E-01      3.697541E-02      3.262969E-01      -2.278712E+00     -1.123317E-01     -2.950133E-02     -1.367328E+00     -1.666575E-01     6.047160E-03      -5.210549E-03     -3.781336E+00     -2.555581E+01     
7.924195E-01      7.094518E-02      4.450587E-02      -6.202820E-01     -4.036826E-02     -8.843990E-03     -3.320481E-01     -4.458886E-02     1.729820E-03      -1.515468E-03     -1.701071E+00     -5.207425E+00     
8.002773E-01      5.308054E-02      2.451722E-01      -9.414074E-01     -5.001841E-02     -1.152526E-02     -6.895641E-01     -9.670320E-02     -9.596482E-04     -1.917346E-03     -4.448559E+00     -1.991451E+01     
7.307183E-01      1.034721E-01      -5.819141E-02     -4.706884E-01     -9.877472E-03     -8.504454E-03     -3.056034E-01     -2.909329E-02     5.590636E-04      -2.694897E-03     -2.251947E-01     -5.109921E+00     
7.430914E-01      6.482544E-02      3.180009E-01      9.022135E-01      3.186056E-02      1.406760E-04      -5.938910E-01     -2.891049E-02     1.473085E-02      3.305855E-03      -5.661578E+00     -1.605657E+01     
8.686886E-01      4.555850E-02      1.726557E-01      -2.478242E+00     -1.150159E-01     -3.124877E-02     -1.093060E+00     -1.473148E-01     2.471778E-03      -5.421406E-03     -3.694698E+00     -2.523804E+01     
7.864427E-01      3.381784E-02      8.325621E-01      3.108906E+00      6.614041E-02      2.998675E-02      -1.996345E+00     5.693342E-02      5.653912E-02      1.412440E-02      -3.679822E+00     -2.333434E+01     
1.120481E+00      7.744259E-03      -1.827277E-01     9.342335E+00      4.532600E-01      1.631490E-01      3.123436E+00      4.106831E-01      -2.234063E-02     2.109190E-02      5.082520E+00      3.310186E+01      
9.580039E-01      2.366978E-02      -3.458549E-01     5.508508E+00      2.125889E-01      7.645292E-02      2.173108E+00      2.634706E-01      -3.470532E-03     1.122240E-02      3.899902E+00      2.698375E+01      
9.988648E-01      1.513876E-02      -4.265244E-01     6.646340E+00      2.999296E-01      8.907174E-02      2.717899E+00      2.949730E-01      -7.145222E-04     1.301934E-02      4.606963E+00      3.019415E+01      
1.051541E+00      2.733051E-02      -5.192902E-02     5.985838E-01      4.170157E-02      6.704563E-03      2.395432E-01      3.284639E-02      -4.393072E-04     7.901083E-04      6.937398E-01      1.816435E+00      
1.066863E+00      2.510448E-02      -4.712600E-02     4.545710E-01      2.824339E-02      4.103589E-03      2.168745E-01      2.349428E-02      -7.793263E-04     4.672319E-04      5.900006E-01      8.147818E-01      
1.315293E+00      9.983961E-02      -6.760049E-02     3.646034E-01      2.795032E-02      4.448261E-03      1.222579E-01      1.866851E-02      -7.066408E-04     4.499563E-04      2.299201E-01      -1.230721E-01     
8.705886E-01      2.581648E-02      6.425912E-01      -8.408813E-01     -1.715189E-01     -7.345539E-03     -1.316365E+00     -1.616191E-01     3.749864E-03      1.231955E-03      -2.694824E+00     -2.535538E+01     
7.915068E-01      1.213409E-01      -7.183050E-02     -5.028375E-01     -2.862779E-02     -7.556342E-03     -1.833700E-01     -2.818553E-02     2.330329E-03      -1.923209E-03     -8.173759E-05     -4.694612E-01     
7.829725E-01      7.107410E-02      7.516743E-02      -1.098138E+00     -9.642919E-02     -1.396852E-02     -3.954559E-01     -7.670694E-02     3.701798E-04      -2.060014E-03     -2.710928E+00     -8.702043E+00     
7.711867E-01      1.154399E-01      -7.392266E-02     -4.547195E-01     -3.055131E-02     -7.667562E-03     -1.828618E-01     -3.329840E-02     3.025375E-03      -2.120054E-03     1.188651E-01      -7.602363E-01     
7.952652E-01      1.053313E-01      -7.366253E-02     -5.905785E-01     -1.381887E-02     -9.880559E-03     -2.221597E-01     -2.769331E-02     2.339641E-03      -2.749705E-03     -1.972240E-01     -1.408577E+00     
1.040613E+00      3.526439E-02      -5.505561E-02     -1.675048E-01     5.568302E-03      -6.859926E-03     3.028216E-02      -2.056056E-03     -7.125219E-04     -9.645457E-04     1.816923E-02      -1.101865E+00     
9.205364E-01      4.548635E-02      -2.750406E-02     -6.800095E-01     -2.443375E-02     -9.580110E-03     -1.047126E-01     -2.081711E-02     5.672391E-05      -1.656338E-03     -2.617776E-01     1.342417E+00      
7.790204E-01      6.368016E-02      1.606325E-01      -1.122901E+00     -4.807958E-02     -1.353175E-02     -5.285153E-01     -8.661289E-02     -3.266847E-03     -2.040246E-03     -4.581258E+00     -1.527562E+01     
9.666769E-01      1.516718E-01      -1.135934E-01     -3.147127E-01     -3.299004E-03     -6.916033E-03     1.079382E-02      -8.172080E-03     -1.357419E-05     -1.854538E-03     -6.180370E-02     2.147353E-01      
1.100487E+00      9.890026E-03      -7.718227E-02     7.961385E+00      2.160991E-01      1.243833E-01      2.225234E+00      3.045147E-01      -2.103710E-02     1.961470E-02      4.008667E+00      2.198310E+01      
9.393817E-01      1.415093E-01      -1.148994E-01     -3.765544E-01     -3.663415E-03     -8.144747E-03     -1.431181E-02     -1.059849E-02     2.161002E-04      -2.199459E-03     -9.486331E-02     1.511635E-01      
7.789390E-01      4.195161E-02      6.211975E-01      1.741616E+00      3.695902E-02      1.211004E-02      -1.463690E+00     -1.627025E-02     5.983789E-02      7.118347E-03      -6.230996E+00     -2.536109E+01     
8.930740E-01      1.127409E-02      1.017766E+00      -1.659216E-02     -1.793335E-01     1.675658E-02      -2.029582E+00     -1.031600E-01     1.842591E-02      7.549479E-03      -2.827384E+00     -3.085184E+01     
8.572148E-01      1.217611E-02      8.949486E-01      3.061339E+00      1.113172E-01      4.639754E-02      -1.397120E+00     -5.681880E-03     7.209398E-02      1.736806E-02      2.608188E+01      1.281409E+02      
1.013296E+00      3.239218E-02      -7.719515E-02     2.526300E+00      1.533758E-01      3.078864E-02      7.525439E-01      1.188158E-01      -3.236174E-03     4.906124E-03      1.555651E+00      1.137253E+01      
8.583160E-01      2.518882E-02      6.596196E-01      -8.582568E-01     -9.327016E-02     -7.141863E-03     -1.610300E+00     -1.272383E-01     4.534338E-03      1.091139E-03      -3.693030E+00     -2.686173E+01     
8.765839E-01      3.865673E-02      3.110037E-01      -2.154362E+00     -1.418895E-01     -2.938787E-02     -1.374598E+00     -1.669634E-01     5.399533E-03      -3.556634E-03     -3.581031E+00     -2.649854E+01     
7.835600E-01      4.180306E-02      5.725455E-01      1.871894E+00      5.168814E-02      1.878651E-02      -1.148731E+00     1.582610E-02      2.162657E-02      7.410871E-03      -3.891018E+00     -2.126057E+01     
1.151247E+00      6.048458E-03      -9.189178E-02     9.517568E+00      5.028688E-01      1.454794E-01      2.354370E+00      3.460380E-01      -5.935585E-03     2.258602E-02      4.582414E+00      3.274865E+01      
9.500581E-01      7.242851E-04      2.010165E-01      -1.764484E-01     -4.142617E-02     9.105916E-03      -2.281731E-01     -2.524155E-02     -1.112562E-02     -2.745440E-03     6.341045E+01      1.929953E+03      
1.145337E+00      7.804029E-03      -3.861115E-02     7.079518E+00      3.696139E-01      1.238665E-01      2.051947E+00      3.005124E-01      -9.775993E-03     1.780486E-02      3.313415E+00      1.993940E+01      
8.408150E-01      2.275589E-02      8.583094E-01      1.200725E+00      -2.870800E-02     2.335167E-02      -1.814807E+00     -4.360917E-02     1.112523E-02      7.935998E-03      -3.244489E+00     -3.003605E+01     
7.567232E-01      5.560358E-02      3.884094E-01      1.310024E+00      6.678883E-02      4.522085E-03      -7.101954E-01     -2.914155E-02     2.723734E-02      3.724618E-03      -4.527297E+00     -1.666639E+01     
1.011956E+00      2.305975E-02      -1.685060E-01     6.264845E+00      1.980090E-01      8.508452E-02      2.032340E+00      2.494206E-01      -1.319820E-03     1.220786E-02      3.665296E+00      2.227070E+01      
1.107018E+00      1.278927E-02      -6.307239E-02     6.713553E+00      2.841930E-01      1.039573E-01      1.881824E+00      2.499593E-01      3.107802E-04      1.481307E-02      3.426358E+00      1.783188E+01      
7.493150E-01      1.092620E-01      -7.692295E-02     -4.361408E-01     -1.355317E-02     -9.365345E-03     -2.285342E-01     -3.371415E-02     1.737447E-03      -2.885791E-03     1.969956E-01      -1.738157E+00     
8.243472E-01      2.393117E-02      8.615981E-01      1.515164E+00      8.899316E-03      2.052685E-02      -1.951790E+00     -3.098388E-02     4.519328E-02      8.067347E-03      -4.141739E+00     -2.980341E+01     
7.702443E-01      5.516298E-02      3.664796E-01      4.996723E-01      5.292574E-03      1.546848E-04      -8.927166E-01     -4.429949E-02     2.642047E-03      3.244198E-03      -6.111720E+00     -2.110111E+01     
1.025965E+00      3.839126E-02      -5.949102E-02     -2.402483E-01     3.719367E-03      -8.066509E-03     8.967844E-03      -5.627505E-03     -2.154026E-04     -1.279171E-03     -5.009353E-02     -1.264771E+00     
8.732664E-01      1.091154E-01      -9.707969E-02     -6.932803E-01     -2.548802E-02     -1.181517E-02     -1.214136E-01     -2.946152E-02     5.888580E-04      -3.089063E-03     -3.046729E-01     -5.251065E-01     
1.096643E+00      1.170253E-02      -1.425248E-01     8.460137E+00      3.116875E-01      1.199661E-01      2.503746E+00      2.917873E-01      -8.025583E-03     1.808630E-02      4.571495E+00      2.595108E+01      
7.022369E-01      1.209583E-01      -1.137753E-01     -5.392345E-01     -6.474998E-03     -9.711106E-03     -2.775309E-01     -2.725492E-02     8.939664E-04      -3.055965E-03     1.030168E+00      -1.135001E+00     
9.003660E-01      1.138874E-02      9.910930E-01      -1.169394E+00     -1.122413E-01     7.176411E-03      -2.762145E+00     -8.587617E-02     1.536825E-02      3.116073E-03      -4.964083E+00     -3.757829E+01     
8.789031E-01      1.235664E-02      9.947796E-01      -2.247397E-01     -1.366492E-01     1.193581E-02      -2.232935E+00     -1.118401E-01     5.472038E-02      5.974020E-03      -3.406640E+00     -2.945574E+01     
1.040524E+00      1.641593E-02      -1.207485E-01     6.806305E+00      2.189235E-01      1.022496E-01      2.079048E+00      2.835968E-01      -1.164235E-03     1.703176E-02      4.010132E+00      2.181265E+01      
1.021681E+00      1.641593E-02      -3.513072E-01     7.310630E+00      2.656764E-01      9.502094E-02      2.719427E+00      3.004488E-01      -8.608108E-03     1.277952E-02      4.459163E+00      2.854495E+01      
1.059052E+00      2.305975E-02      -4.357946E-02     7.117095E-01      2.647913E-02      9.205617E-03      2.996948E-01      3.297714E-02      -1.318090E-03     1.481066E-03      7.976181E-01      1.910609E+00      
8.859980E-01      3.730125E-02      3.545999E-01      -1.990921E+00     -1.622018E-01     -1.997456E-02     -1.284349E+00     -1.645860E-01     6.004636E-03      -2.755748E-03     -3.150105E+00     -2.644978E+01     
7.871202E-01      5.781291E-02      2.291506E-01      -3.246410E-01     -4.007229E-02     -9.277249E-03     -5.309270E-01     -8.029336E-02     5.116464E-04      -1.008478E-04     -3.898326E+00     -1.634726E+01     
8.058693E-01      5.656496E-02      1.546488E-01      -1.485471E+00     -4.655397E-02     -2.050604E-02     -8.525088E-01     -1.029134E-01     1.662151E-03      -3.575144E-03     -4.586076E+00     -1.923063E+01     
7.740630E-01      4.078764E-02      6.784557E-01      2.692767E+00      1.026603E-01      2.643457E-02      -1.593058E+00     5.445672E-02      1.807386E-02      1.128516E-02      -4.517253E+00     -2.272691E+01     
7.627632E-01      7.419284E-02      6.761126E-02      -1.116139E+00     -2.320878E-02     -1.784084E-02     -5.535877E-01     -6.786768E-02     2.778831E-03      -3.348262E-03     -3.489752E+00     -9.836310E+00     
1.205939E+00      1.183149E-01      -9.220751E-02     3.227483E-01      1.513926E-02      4.139466E-03      1.878401E-01      1.602016E-02      -1.309748E-03     4.390031E-05      2.666273E-01      2.131457E-02      
1.151067E+00      1.825266E-02      -2.779641E-02     2.678325E-02      6.489716E-03      -1.485577E-03     3.566392E-02      1.777569E-03      -1.796958E-04     -2.764633E-04     6.728964E-02      -1.469972E+00     
8.046585E-01      3.111492E-02      7.538480E-01      2.450704E+00      9.396529E-02      2.804779E-02      -1.682037E+00     -1.965076E-02     7.698730E-02      9.785956E-03      -2.338778E+00     -2.306945E+01     
1.040928E+00      2.975391E-02      -4.851706E-02     -4.523010E-02     6.835332E-03      -4.391007E-03     5.306221E-02      1.823490E-03      -3.020640E-04     -6.056594E-04     9.741775E-02      -1.062432E+00     
1.006917E+00      3.532294E-02      -5.653437E-02     -7.289112E-03     8.571707E-03      -4.288629E-03     1.165527E-01      6.685760E-03      -1.223999E-03     -4.914578E-04     2.108213E-01      8.726656E-01      
7.477925E-01      5.526406E-02      3.961317E-01      2.894843E+00      2.212464E-01      2.402393E-02      -5.597511E-01     5.953737E-02      1.809188E-02      9.602877E-03      2.837516E+00      -5.503246E+00     
1.020835E+00      3.839126E-02      -5.883605E-02     -2.576367E-01     3.499435E-03      -8.421103E-03     1.161395E-02      -5.041186E-03     -2.328380E-04     -1.229674E-03     -6.169461E-02     -1.070078E+00     
7.039113E-01      1.042285E-01      -5.342615E-02     -6.424744E-01     -3.450987E-02     -1.141748E-02     -3.116232E-01     -6.433797E-02     7.111722E-04      -3.704217E-03     -1.210909E+00     -9.401425E+00     
8.118367E-01      3.131184E-02      6.777079E-01      9.249536E-01      -1.157663E-02     1.376440E-02      -1.349753E+00     9.828546E-03      4.742836E-03      4.964401E-03      -4.212489E+00     -2.554870E+01     
8.125814E-01      2.453427E-02      8.795967E-01      2.215228E+00      3.734155E-02      2.654430E-02      -1.900996E+00     5.432923E-02      4.202165E-02      1.115970E-02      -2.415521E+00     -2.233371E+01     
1.014601E+00      4.180410E-02      -6.438417E-02     -3.031634E-01     4.463367E-04      -8.495552E-03     2.352248E-03      -8.891447E-03     -3.554017E-04     -1.519654E-03     -1.061083E-01     -1.324280E+00     
1.111855E+00      4.955401E-02      -7.236273E-02     -4.568042E-02     1.154384E-02      -4.937832E-03     5.790499E-02      2.747477E-04      -2.385972E-04     -1.045011E-03     1.046026E-01      -1.219988E+00     
9.587071E-01      5.489953E-02      -6.208884E-02     -6.998716E-01     -1.846383E-02     -1.327490E-02     -8.815581E-02     -2.403666E-02     4.864256E-05      -2.324871E-03     -4.925948E-01     -1.416042E+00     
8.165164E-01      3.093617E-02      6.652278E-01      9.328936E-01      -6.574615E-03     8.762986E-03      -1.376940E+00     -7.149665E-02     3.923042E-02      4.348026E-03      -3.463825E+00     -2.459488E+01     
7.255812E-01      1.108740E-01      -9.559264E-02     -5.176228E-01     -7.165289E-03     -1.146348E-02     -2.397349E-01     -3.743558E-02     2.381373E-03      -3.632208E-03     4.371674E-01      -2.136374E+00     
7.407204E-01      7.526152E-02      2.002376E-01      -5.000443E-01     -2.187189E-02     -1.143211E-02     -5.956095E-01     -6.353573E-02     1.872956E-03      1.025553E-03      -5.665657E+00     -1.305181E+01     
8.754530E-01      8.678714E-03      7.872359E-01      1.682585E+00      -4.437539E-02     5.976960E-02      -7.113046E-01     -2.145284E-02     -4.732268E-02     3.136503E-03      1.073755E+02      7.063911E+02      
1.008659E+00      1.507883E-02      -2.562473E-01     7.165862E+00      2.150637E-01      1.082110E-01      2.322418E+00      3.129903E-01      -1.450398E-02     1.849140E-02      4.459305E+00      2.625191E+01      
8.555474E-01      4.210228E-02      2.908850E-01      -1.795470E+00     -8.230619E-02     -1.942734E-02     -1.246463E+00     -1.288038E-01     2.167510E-03      -3.231415E-03     -3.787428E+00     -2.539962E+01     
7.648711E-01      4.053035E-02      6.265226E-01      4.350222E+00      1.153343E-01      4.621228E-02      -6.438621E-01     1.178735E-01      9.382646E-03      1.731571E-02      5.953437E+01      1.032087E+02      
8.027900E-01      1.172827E-01      -7.944358E-02     -5.638595E-01     -2.410446E-02     -9.819444E-03     -1.829917E-01     -3.313905E-02     1.648691E-03      -2.704971E-03     -9.097473E-02     -5.285479E-01     
7.249687E-01      1.199856E-01      -9.945711E-02     -4.659293E-01     -5.638765E-03     -9.664995E-03     -2.752302E-01     -2.678472E-02     5.802427E-04      -3.033532E-03     6.374611E-01      -9.321506E-01     
8.904377E-01      5.291052E-02      4.516374E-03      -7.651588E-01     -5.650470E-02     -7.436759E-03     -1.425847E-01     -2.949259E-02     1.333084E-04      -1.358991E-03     -1.328876E+00     -5.502896E+00     
8.080041E-01      6.570311E-02      5.109721E-02      -9.136089E-01     -5.753188E-02     -1.197347E-02     -3.955626E-01     -5.763062E-02     7.658115E-04      -1.995477E-03     -2.121004E+00     -7.015447E+00     
8.489577E-01      6.374515E-02      6.435767E-03      -7.158574E-01     -3.854669E-02     -7.302281E-03     -1.865831E-01     -3.152837E-02     5.561478E-04      -1.634527E-03     -8.286865E-01     -2.078365E+00     
8.905275E-01      1.912514E-02      7.599339E-01      -1.581161E+00     -1.312868E-01     3.036342E-03      -1.971035E+00     -1.039532E-01     8.552509E-03      1.449209E-03      -3.717532E+00     -2.785786E+01     
8.126256E-01      1.065738E-01      -7.754680E-02     -6.338068E-01     -2.965024E-02     -1.066588E-02     -1.713675E-01     -3.698516E-02     2.329532E-03      -2.935009E-03     -1.896034E-01     -1.059331E+00     
8.321996E-01      3.613621E-02      5.400568E-01      2.401611E-01      -5.351499E-02     2.715389E-03      -1.244585E+00     -1.020114E-01     6.661196E-03      3.575648E-03      -3.001416E+00     -2.492059E+01     
1.045790E+00      1.507883E-02      -4.855578E-01     8.210542E+00      6.711910E-01      1.155637E-01      2.953177E+00      4.010118E-01      -8.497891E-04     1.169757E-02      4.781539E+00      3.211703E+01      
7.710857E-01      7.005096E-02      1.139093E-01      -1.159161E+00     -4.951922E-02     -1.743563E-02     -5.324658E-01     -8.073220E-02     -1.896083E-04     -2.206082E-03     -4.039698E+00     -1.199891E+01     
8.411175E-01      1.468408E-02      6.776314E-01      4.267488E+00      1.699642E-01      6.121394E-02      -2.649892E-01     6.613098E-02      -1.266635E-02     1.476668E-03      1.322115E+02      6.315430E+02      
8.928243E-01      5.259136E-02      -7.100924E-03     -7.449423E-01     -3.049194E-02     -8.857682E-03     -1.893886E-01     -2.698670E-02     4.740543E-04      -1.647513E-03     -1.103206E+00     -3.828259E+00     
1.013070E+00      1.385061E-02      -2.824180E-01     6.882631E+00      1.793469E-01      1.038873E-01      2.730092E+00      2.839211E-01      -8.108479E-03     1.848920E-02      4.643030E+00      2.881892E+01      
9.963762E-01      2.130209E-02      -4.217423E-01     6.819474E+00      6.541035E-01      8.054262E-02      1.791027E+00      3.533348E-01      -4.661225E-04     1.153335E-02      3.912215E+00      2.882948E+01      
8.212595E-01      4.055708E-02      4.184413E-01      -5.850147E-01     -3.709808E-02     -7.202300E-03     -1.061063E+00     -1.008132E-01     7.599664E-03      3.133203E-04      -3.846021E+00     -2.284536E+01     
1.033876E+00      3.239218E-02      -6.900280E-02     1.489431E+00      1.114420E-01      1.921099E-02      5.588260E-01      8.114632E-02      -2.608384E-03     2.315083E-03      1.209512E+00      7.535924E+00      
1.061341E+00      1.385061E-02      -1.958814E-01     8.405202E+00      4.762879E-01      1.429599E-01      2.491052E+00      4.028933E-01      -3.682338E-04     1.976905E-02      4.850462E+00      2.780197E+01      
9.137433E-01      3.950302E-02      -9.666277E-02     4.298955E+00      1.648308E-01      5.573046E-02      1.403480E+00      2.083979E-01      -3.871949E-03     1.045257E-02      3.423658E+00      2.306271E+01      
8.976052E-01      5.196880E-02      -2.866134E-02     -7.459036E-01     -1.664148E-02     -1.159319E-02     -1.673036E-01     -2.609011E-02     5.790256E-04      -2.155009E-03     -6.552820E-01     -1.546012E+00     
7.512457E-01      7.289090E-02      1.315847E-01      -1.161724E+00     -2.257068E-02     -2.186535E-02     -6.902726E-01     -8.391980E-02     1.192639E-03      -3.183027E-03     -6.001827E+00     -1.541971E+01     
8.494217E-01      2.806653E-02      6.505934E-01      -4.809232E-01     -6.099085E-02     5.987443E-03      -1.599074E+00     -9.290443E-02     1.689352E-02      2.293373E-03      -3.609643E+00     -2.590291E+01     
1.028982E+00      4.550134E-02      -6.661955E-02     -3.694155E-01     -7.789279E-04     -9.781817E-03     -2.080072E-03     -9.569889E-03     -2.694662E-04     -1.570386E-03     -1.173257E-01     -1.256652E+00     
8.506822E-01      1.463863E-02      1.055496E+00      1.513639E+00      -7.019587E-03     3.047969E-02      -2.586699E+00     -1.284491E-02     3.819651E-02      1.272391E-02      -5.255077E-01     -1.344725E+01     
9.051046E-01      4.371856E-02      -2.351452E-02     -3.265602E-01     -9.323472E-03     -3.431799E-03     8.694181E-03      -2.934479E-03     -7.319858E-04     -6.118543E-04     7.159072E-01      6.983846E+00      
9.003289E-01      4.430517E-02      -1.787750E-02     -3.056002E-01     -1.245513E-02     -2.218214E-03     1.889005E-02      -1.193573E-03     -8.711431E-04     -3.543558E-04     1.019997E+00      9.093607E+00      
1.055594E+00      9.056605E-03      -2.529276E-01     7.794918E+00      2.060684E-01      1.160977E-01      2.859339E+00      2.874054E-01      -2.412767E-02     1.950105E-02      4.933180E+00      3.056292E+01      
1.142886E+00      3.334884E-03      -1.255959E-01     8.640336E+00      2.481793E-01      1.523348E-01      3.137540E+00      3.272752E-01      -6.566274E-02     2.216840E-02      4.742177E+00      3.786066E+01      
1.039354E+00      7.641103E-03      -5.672395E-01     8.359326E+00      6.108483E-01      1.108340E-01      2.598058E+00      4.073028E-01      -2.538391E-02     1.511784E-02      4.869537E+00      3.208031E+01      
7.576336E-01      6.009689E-02      3.494229E-01      5.992064E-01      9.399663E-03      1.085076E-03      -8.255589E-01     -3.754471E-02     9.002504E-03      3.699748E-03      -6.666653E+00     -2.009888E+01     
1.064080E+00      4.995669E-03      -4.679441E-01     8.256041E+00      3.724320E-01      1.266577E-01      3.265984E+00      3.496488E-01      -3.066230E-02     1.860875E-02      5.263076E+00      3.990674E+01      
1.016408E+00      4.214468E-03      -7.584310E-01     6.799079E+00      3.274818E-01      8.376559E-02      3.341279E+00      2.713400E-01      -3.693058E-02     1.046558E-02      4.759570E+00      4.221958E+01      
9.185386E-01      3.898378E-02      -1.501216E-01     4.285517E+00      2.242832E-01      6.288863E-02      1.906688E+00      2.384212E-01      -2.523530E-03     9.961212E-03      -6.589904E-01     2.230036E+01      
8.804594E-01      4.376466E-02      1.937575E-01      -2.561867E+00     -1.170785E-01     -2.851969E-02     -1.304000E+00     -1.444747E-01     5.758898E-03      -4.128687E-03     -3.723712E+00     -2.694079E+01     
8.255904E-01      1.934773E-02      8.766398E-01      3.506417E+00      1.109610E-01      4.263002E-02      -1.624589E+00     2.867774E-02      8.320398E-02      1.823111E-02      1.405402E+01      4.026575E+01      
8.303964E-01      1.947669E-02      9.891431E-01      2.051269E+00      1.656721E-02      2.545948E-02      -2.371591E+00     -2.083187E-02     1.271410E-01      1.156348E-02      -1.000144E+00     -1.736857E+01     
8.749579E-01      4.162080E-02      3.025167E-01      -1.628540E+00     -1.559708E-01     -2.218559E-02     -1.245432E+00     -1.527755E-01     3.316818E-03      -5.887195E-04     -3.079716E+00     -2.628757E+01     
8.298316E-01      2.672357E-02      7.759267E-01      7.905447E-01      -2.320130E-02     1.738421E-02      -1.778047E+00     -6.080186E-03     4.332435E-03      5.887776E-03      -4.427314E+00     -2.975958E+01     
8.114763E-01      3.976052E-02      5.167330E-01      5.659563E-01      -1.723906E-02     8.782634E-03      -1.087884E+00     -5.906397E-02     3.364470E-03      4.068052E-03      -3.633408E+00     -2.346679E+01     
1.054885E+00      6.961807E-04      -5.716015E-01     5.854079E+00      2.157917E-01      6.139326E-02      2.379733E+00      8.443504E-02      -1.423088E-02     9.997325E-03      4.029140E+00      -2.562602E+02     
1.078117E+00      1.798283E-03      -6.674315E-01     8.296408E+00      5.055224E-01      1.116651E-01      3.370029E+00      3.276270E-01      -6.726053E-02     1.347373E-02      5.152817E+00      3.395469E+01      
7.245684E-01      6.799651E-02      2.930748E-01      3.944280E+00      1.129593E-01      5.596450E-02      1.119938E+00      1.204702E-01      -1.075957E-02     1.308186E-02      2.754158E+01      2.501259E+01      
9.880961E-01      3.864011E-02      -5.270868E-02     -3.021544E-01     -5.173930E-03     -6.534516E-03     3.704130E-02      -3.389789E-03     -4.398780E-04     -1.037597E-03     -1.712880E-02     1.155807E+00      
9.545512E-01      6.527912E-02      -6.947678E-02     -7.109184E-01     -7.780278E-03     -1.440346E-02     -1.291245E-01     -1.803746E-02     2.289550E-04      -2.248355E-03     -4.670224E-01     -1.402330E+00     
9.248477E-01      6.775852E-02      -5.302153E-02     -8.932597E-01     -5.137563E-02     -1.361542E-02     -1.420807E-01     -3.358738E-02     3.179953E-04      -2.548689E-03     -6.395507E-01     -1.727121E+00     
7.315427E-01      6.023088E-02      1.057974E-01      3.975520E+00      1.349143E-01      7.122458E-02      2.540880E+00      1.336679E-01      -2.515494E-02     -3.776822E-03     1.346852E+02      1.779655E+02      
1.036268E+00      1.945632E-02      -3.548894E-01     7.712083E+00      5.372252E-01      9.672755E-02      2.606304E+00      3.451464E-01      -3.178188E-03     1.034697E-02      4.540888E+00      2.930181E+01      
1.033719E+00      1.651017E-03      -6.218682E-01     7.028402E+00      2.528411E-01      9.334076E-02      3.030957E+00      3.079773E-01      -1.185973E-01     1.452099E-02      4.743370E+00      1.967583E+01      
