VARIABLES = "X", "Y", "obj_func", "sens_cb1", sens_sig", "sens_cb2","sens_kar", "sens_cw2", sens_cw3", "sens_cv1", "sens_x", "sens_y"
-5.533855E-01     3.887158E-01      8.559648E-03      -1.868069E-03     -3.579843E-05     -3.931526E-05     1.525951E-03      -8.723515E-05     1.719544E-06      -3.690546E-05     4.264500E-02      -2.902857E-02     
1.913079E+00      1.809556E-01      -7.509784E-03     8.001918E-02      3.024376E-03      1.690023E-03      1.728609E-02      3.830485E-03      -5.410221E-05     2.645643E-04      2.583137E-02      -9.556222E-04     
6.032263E-01      2.750789E-01      -4.132572E-02     -1.717212E-01     -1.980426E-03     -3.446522E-03     -6.315972E-02     -1.119524E-02     8.044868E-04      -1.292468E-03     -4.430078E-01     3.067381E-01      
-7.218189E-01     4.607054E-01      2.550480E-03      -5.827479E-04     -2.097718E-07     -1.296713E-05     1.776237E-03      -1.129432E-05     1.308156E-06      -2.831936E-05     1.069527E-02      -2.130939E-02     
1.620774E+00      4.607054E-01      -8.288481E-03     8.173032E-02      5.223110E-03      1.487715E-03      2.166357E-02      4.473374E-03      -1.574609E-04     2.201839E-04      4.028822E-02      7.045365E-02      
1.743979E+00      4.607054E-01      -5.981578E-03     7.370818E-02      2.327496E-03      1.213043E-03      2.348036E-02      2.239010E-03      -4.357111E-05     1.501113E-04      2.207703E-02      5.246878E-02      
5.523706E-01      3.395393E-01      -3.420143E-03     -1.197310E-01     -6.303383E-03     -2.019343E-03     -4.439249E-02     -8.029818E-03     1.303982E-04      -5.012216E-04     -3.687833E-01     9.165730E-02      
-3.241956E-01     3.279752E-01      2.928229E-02      -5.204177E-03     -1.840066E-04     -7.940848E-05     -1.351854E-03     -2.781678E-04     4.289795E-06      -1.938287E-05     1.328115E-01      -3.549800E-02     
-1.118817E-01     2.742109E-01      7.692771E-02      -6.721955E-03     -3.330438E-04     5.440649E-06      -1.118897E-02     -4.177458E-04     7.731472E-06      1.392041E-04      3.062037E-01      -1.253013E-01     
-5.278510E-01     7.107556E-02      6.408465E-03      -8.505987E-03     -5.952981E-04     -1.466502E-04     1.184756E-03      -3.836451E-04     -1.670993E-07     -4.519192E-05     2.767535E-02      7.684308E-02      
1.905073E+00      3.570562E-01      -5.213711E-03     5.775935E-02      1.325529E-03      1.213116E-03      1.801098E-02      2.511895E-03      -9.093085E-05     1.879954E-04      1.649343E-02      2.119266E-02      
7.825499E-01      4.185448E-01      -4.264152E-02     -1.419817E-01     -1.009740E-03     -3.300037E-03     -6.368150E-02     -7.593500E-03     6.682354E-04      -7.367864E-04     -9.774013E-02     1.677271E-01      
6.032843E-01      3.990094E-01      -1.346355E-02     -1.236566E-01     -6.237995E-03     -2.086672E-03     -4.159055E-02     -7.282451E-03     1.734391E-04      -5.691103E-04     -2.483948E-01     1.045610E-01      
1.369665E+00      2.334849E-01      -5.069141E-02     2.288832E-01      1.106304E-02      3.454973E-03      8.503236E-02      1.083213E-02      -3.602865E-04     4.190785E-04      1.486484E-01      9.515803E-02      
-7.900068E-01     9.983961E-02      3.056035E-03      -2.941649E-04     1.353421E-04      -5.338051E-05     4.226121E-03      9.398452E-05      3.628515E-06      -5.538421E-05     8.995157E-03      1.281766E-02      
1.613704E+00      1.526796E-01      -2.134910E-02     1.684201E-01      4.250659E-03      3.150136E-03      4.385873E-02      7.619338E-03      -4.702453E-04     5.034679E-04      7.945077E-02      -7.659483E-04     
1.747423E+00      1.086922E-01      -1.368013E-02     7.599609E-02      6.175495E-04      1.513650E-03      2.947992E-02      4.064192E-03      -4.891189E-04     4.472674E-04      4.048673E-02      5.694835E-02      
2.807837E-01      2.327623E-01      1.442763E-01      -1.661121E-02     -9.544956E-04     -1.938798E-04     -2.197769E-02     -1.306887E-03     2.513607E-05      2.393761E-04      -4.209967E-01     -5.848677E-01     
5.632923E-01      4.520132E-01      -1.885802E-03     -8.429887E-02     -1.609280E-03     -1.937706E-03     -4.707563E-02     -5.533993E-03     1.176780E-04      -4.296113E-04     -2.290103E-01     3.990430E-02      
-3.226426E-01     4.607054E-01      2.082297E-02      -4.515092E-03     -1.246984E-04     -5.359777E-05     -1.944831E-03     -1.931605E-04     1.932105E-06      -1.503459E-07     1.024242E-01      -9.016179E-02     
-1.028109E-01     4.648871E-01      4.874021E-02      -7.026973E-03     -3.724627E-04     -8.425459E-05     -8.929904E-03     -5.017381E-04     1.537193E-05      8.302208E-05      1.365196E-01      -1.652998E-01     
9.912555E-01      3.244562E-01      -6.906886E-02     -1.311521E-01     -6.047131E-04     -3.400987E-03     -1.313072E-02     -4.052096E-03     4.008678E-05      -6.991211E-04     -1.085578E-02     2.124567E-01      
1.114346E+00      2.709147E-01      -7.369942E-02     4.889824E-02      3.341144E-03      -2.485378E-04     5.456953E-02      3.513276E-03      -4.973687E-04     -2.249766E-04     1.113930E-01      2.048053E-01      
-6.943900E-01     3.012628E-01      5.368307E-03      -5.340250E-04     2.270416E-05      -1.914734E-05     2.749426E-03      7.358165E-05      5.951866E-07      -3.965900E-05     2.358949E-02      -5.581714E-03     
1.870021E+00      1.414771E-02      -2.730259E-03     1.394298E-02      -2.897214E-05     3.247823E-04      3.865879E-03      1.694191E-04      -8.220302E-06     8.379863E-06      5.950139E-03      -2.015898E-01     
7.306766E-01      9.098047E-02      2.279534E-02      -4.293217E-01     -7.928414E-03     -8.701397E-03     -3.619846E-01     -4.104812E-02     3.871587E-03      -1.344632E-03     -1.926061E+00     -8.796760E+00     
1.379314E+00      3.887158E-01      -3.111449E-02     1.073478E-01      3.311591E-03      1.435350E-03      4.417781E-02      4.345215E-03      -5.144719E-04     1.758522E-04      9.266039E-02      9.609011E-02      
1.291599E+00      3.810875E-01      -3.836262E-02     9.012467E-02      2.212784E-03      1.326261E-03      4.283215E-02      4.189792E-03      -9.066425E-05     1.248171E-04      9.589527E-02      1.096826E-01      
-8.622742E-01     4.231825E-01      1.944511E-03      1.804469E-04      5.484847E-05      -4.146896E-06     2.038317E-03      6.319595E-05      9.161491E-07      -2.349365E-05     6.011482E-03      -9.361054E-03     
-8.231523E-01     1.809556E-01      3.317933E-03      1.218902E-03      6.617974E-05      1.899423E-05      4.457779E-03      1.051300E-04      1.650163E-06      -6.417037E-05     1.075527E-02      1.798762E-03      
1.595107E+00      2.334849E-01      -2.101161E-02     1.307583E-01      1.528751E-03      2.486248E-03      4.604210E-02      4.448060E-03      -2.060422E-04     3.902779E-04      7.489778E-02      2.819915E-02      
1.823193E+00      1.970006E-01      -1.159401E-02     1.054597E-01      3.368860E-03      2.133138E-03      2.817071E-02      4.492704E-03      -1.983366E-04     2.579442E-04      4.001979E-02      6.914771E-04      
-2.556883E-01     1.526796E-01      3.788827E-02      -8.821390E-03     -3.424833E-04     -2.165775E-04     4.184462E-03      -4.358496E-04     1.967308E-07      -1.337165E-04     1.975138E-01      9.257314E-02      
6.763703E-01      3.499742E-01      -4.005319E-02     -1.644847E-01     -2.781744E-03     -3.390059E-03     -8.231768E-02     -9.690050E-03     6.902495E-04      -8.418606E-04     -2.046551E-01     2.145258E-01      
1.695292E-01      3.402920E-01      1.104943E-01      -1.487075E-02     -8.884349E-04     -9.742559E-05     -2.250086E-02     -1.140246E-03     1.727953E-05      2.578122E-04      -4.231954E-02     -4.388390E-01     
-1.009696E+00     5.996928E-02      1.363675E-03      -3.535440E-03     -1.630825E-04     -7.246909E-05     1.627703E-04      -1.632194E-04     -6.743081E-08     -5.692584E-06     1.673118E-03      2.581744E-02      
1.790665E+00      3.887158E-01      -6.357878E-03     6.899963E-02      1.837799E-03      1.255390E-03      1.932707E-02      2.920642E-03      -1.956781E-04     2.016627E-04      2.365449E-02      3.468066E-02      
4.028698E-01      4.546108E-01      3.619579E-02      -5.038642E-02     -7.573682E-04     -9.666659E-04     -2.647847E-02     -3.097366E-03     2.170378E-04      -1.887830E-04     -2.303688E-01     -1.284177E-01     
4.948209E-01      2.676125E-01      1.977747E-02      -7.960904E-02     -2.965140E-03     -1.332322E-03     -3.881050E-02     -5.354600E-03     3.240928E-04      -3.776157E-04     -5.739561E-01     -4.915758E-04     
9.532522E-01      2.539942E-01      -8.324108E-02     -2.614484E-01     -1.276874E-02     -5.141014E-03     -1.685208E-02     -1.096531E-02     1.084539E-04      -1.250393E-03     -4.545553E-02     2.333230E-01      
1.177850E+00      9.145014E-02      -9.566434E-02     2.587113E-01      1.770121E-02      1.500668E-03      1.636923E-01      1.322350E-02      -8.303208E-04     -3.615301E-04     2.585706E-01      -3.348328E-01     
6.683018E-01      5.088599E-01      -1.563467E-02     -9.690260E-02     -3.959186E-03     -1.739501E-03     -3.436244E-02     -5.685299E-03     1.425892E-04      -4.404599E-04     -1.374134E-01     7.644095E-02      
1.673019E-01      4.715879E-01      6.572719E-02      -1.742788E-02     -5.121924E-04     -2.575003E-04     -1.647286E-02     -1.201871E-03     5.878688E-05      7.914512E-05      -3.575163E-02     -2.570095E-01     
1.513916E+00      2.767260E-01      -2.864633E-02     1.686284E-01      1.051830E-02      2.617271E-03      4.345757E-02      8.158100E-03      -3.372020E-04     4.122704E-04      9.687302E-02      5.557065E-02      
1.258329E+00      2.964860E-01      -5.552273E-02     1.383802E-01      7.054706E-03      1.367230E-03      6.328461E-02      7.242497E-03      -7.185079E-04     1.158474E-04      1.228643E-01      1.414241E-01      
-9.393353E-01     3.012628E-01      2.161750E-03      1.470768E-04      1.600334E-05      -3.531938E-06     3.148634E-03      3.357581E-05      1.791967E-07      -4.020487E-05     6.054822E-03      -2.722239E-03     
1.664019E+00      5.996928E-02      -1.649958E-02     9.555785E-02      1.166147E-03      1.902481E-03      2.864395E-02      3.692677E-03      -1.770299E-04     2.408938E-04      4.693940E-02      -1.713123E-01     
3.367850E-01      1.685480E-01      1.469726E-01      -3.303461E-02     -2.705677E-03     -8.937382E-05     -4.182349E-02     -2.387047E-03     -6.633946E-06     5.010401E-04      -7.017161E-01     -3.405817E-01     
4.620610E-01      4.036083E-01      2.503771E-02      -7.023459E-02     -1.279711E-03     -1.427504E-03     -3.107422E-02     -4.609498E-03     9.939737E-05      -3.477091E-04     -3.090244E-01     -6.902315E-02     
9.470031E-01      4.218372E-01      -5.089087E-02     -1.002180E-01     -2.243528E-03     -2.318588E-03     -1.461284E-02     -4.404533E-03     6.695918E-05      -5.898578E-04     -1.960972E-02     1.694859E-01      
-5.494387E-01     2.144684E-01      1.034183E-02      -1.254291E-03     -4.359846E-05     -2.457203E-05     4.032876E-03      2.781343E-05      3.289833E-06      -7.365765E-05     4.742410E-02      1.164312E-02      
1.948426E+00      2.541876E-01      -5.253440E-03     5.479711E-02      5.766725E-04      1.185956E-03      1.742538E-02      2.557176E-03      -2.772034E-04     2.033877E-04      1.683189E-02      9.615701E-03      
7.653366E-01      1.329208E-01      -8.508504E-02     -4.756225E-01     -1.852842E-02     -9.251424E-03     -2.264401E-01     -3.287739E-02     8.373115E-04      -2.451460E-03     2.511347E-01      -5.524839E-01     
6.429565E-01      2.271786E-01      -7.534873E-02     -2.212443E-01     -3.309976E-03     -5.025350E-03     -1.398162E-01     -1.667554E-02     1.206953E-03      -1.353065E-03     -3.484876E-01     5.656083E-01      
1.436251E+00      4.231825E-01      -2.323360E-02     1.050414E-01      4.378120E-03      1.387255E-03      3.147029E-02      4.598597E-03      -2.139485E-04     2.027664E-04      8.262879E-02      9.343166E-02      
1.639917E+00      2.767260E-01      -1.934151E-02     1.298746E-01      2.001638E-03      2.425043E-03      4.617258E-02      4.412769E-03      -1.889536E-04     3.138354E-04      6.651604E-02      3.888021E-02      
3.423876E-01      3.381739E-01      7.664521E-02      -3.674117E-02     -9.121868E-04     -6.470035E-04     -2.632805E-02     -2.474933E-03     1.780123E-04      -3.687692E-05     -3.341395E-01     -2.898349E-01     
-3.397844E-01     6.528668E-02      1.435196E-02      -1.639240E-02     -1.207875E-03     -2.416527E-04     -4.034625E-04     -9.040945E-04     -2.281630E-05     -7.254091E-05     7.525027E-02      1.816159E-01      
-1.190723E-01     3.308701E-02      3.039197E-02      -3.064652E-02     -2.762758E-03     1.664710E-04      -2.777244E-02     -3.290958E-03     -2.471612E-06     1.515667E-04      2.423091E-01      7.942024E-01      
1.858219E+00      4.231825E-01      -4.447296E-03     6.379505E-02      2.164363E-03      1.171023E-03      1.529015E-02      2.781608E-03      -3.562945E-05     1.753222E-04      1.409353E-02      3.022020E-02      
9.842155E-02      2.681330E-01      1.443087E-01      -1.855213E-03     -3.343902E-04     1.463552E-04      -2.706115E-02     -1.472754E-04     3.429665E-05      4.498114E-04      1.798519E-01      -5.703270E-01     
1.527806E+00      4.231825E-01      -1.543225E-02     9.292229E-02      3.877693E-03      1.532975E-03      2.919222E-02      4.628314E-03      -1.807032E-04     2.384705E-04      6.667770E-02      7.885724E-02      
1.808158E+00      5.015553E-01      -2.427718E-03     5.722577E-02      1.021420E-03      1.021818E-03      1.797228E-02      1.892593E-03      -9.840200E-05     1.315424E-04      7.233046E-03      4.590596E-02      
2.999424E-01      4.810692E-01      5.202286E-02      -3.079354E-02     -4.244425E-04     -5.568642E-04     -2.349846E-02     -1.670934E-03     8.356173E-05      -1.612946E-05     -1.471793E-01     -2.016254E-01     
5.237049E-01      3.800434E-01      8.495866E-03      -9.742276E-02     -6.268118E-03     -1.664340E-03     -3.304569E-02     -6.804008E-03     2.003805E-04      -4.499861E-04     -3.237183E-01     2.010730E-02      
-2.266377E-01     2.767260E-01      4.730657E-02      -7.240387E-03     -3.602483E-04     -8.498912E-05     -4.016731E-03     -4.320545E-04     2.165068E-06      7.400126E-06      2.094256E-01      -3.232649E-02     
1.078294E-01      4.048355E-01      8.629964E-02      -1.273992E-02     -5.221451E-04     -1.252100E-04     -1.930549E-02     -8.150170E-04     3.246386E-05      1.920914E-04      4.095844E-02      -3.239963E-01     
1.234885E+00      2.310136E-01      -6.879754E-02     1.758532E-01      7.340840E-03      2.290156E-03      1.040426E-01      9.079483E-03      -9.960693E-04     1.730839E-04      1.648733E-01      1.602454E-01      
1.189421E+00      3.210878E-01      -5.666777E-02     7.985340E-02      3.342468E-03      6.620406E-04      4.920019E-02      4.281636E-03      -3.095407E-04     -2.758129E-05     1.066265E-01      1.515726E-01      
1.234491E-01      8.058229E-02      3.274418E-01      1.162918E-01      1.106080E-03      3.549291E-03      -1.311186E-01     3.690856E-03      -4.459717E-05     3.023843E-03      2.640149E-01      -1.109380E+00     
1.419069E+00      3.570562E-01      -3.202861E-02     1.310623E-01      4.653518E-03      1.813756E-03      5.140154E-02      5.262605E-03      -4.525671E-04     2.123844E-04      9.643382E-02      9.095892E-02      
1.652732E+00      1.809556E-01      -1.722847E-02     1.258743E-01      1.153833E-03      2.802624E-03      4.357855E-02      5.118511E-03      -8.230667E-05     3.938041E-04      6.394651E-02      8.702219E-04      
1.746626E+00      2.144684E-01      -1.453729E-02     1.210027E-01      5.360403E-03      2.336835E-03      3.125701E-02      5.621992E-03      -1.672518E-04     3.145474E-04      5.148101E-02      1.010046E-02      
4.419245E-01      3.080929E-01      4.363801E-02      -6.297593E-02     -8.004964E-04     -1.109155E-03     -3.404179E-02     -2.668371E-03     1.227176E-04      -2.105937E-04     -4.663289E-01     -1.285776E-01     
-1.554184E-01     1.402443E-01      6.382220E-02      -1.578571E-02     -4.010648E-04     -3.361176E-04     -2.653678E-03     -8.177543E-04     4.212587E-08      -6.465508E-05     3.681647E-01      1.329567E-01      
7.983867E-01      3.548756E-01      -5.682454E-02     -2.009565E-01     -6.208643E-03     -4.081119E-03     -5.297459E-02     -1.229873E-02     4.844019E-04      -1.196677E-03     -8.018633E-02     2.103630E-01      
-7.147391E-01     8.423869E-02      3.574560E-03      -4.807111E-03     7.859737E-06      -1.906600E-04     1.473549E-03      -1.574133E-04     -1.654497E-07     -3.272441E-05     1.161601E-02      3.581812E-02      
1.665423E+00      3.570562E-01      -1.435265E-02     1.144257E-01      6.395515E-03      1.870303E-03      2.905354E-02      5.148248E-03      -1.020213E-04     2.680841E-04      5.250550E-02      5.140170E-02      
1.028494E+00      2.103412E-01      -9.724967E-02     -1.389965E-01     1.900924E-04      -4.020537E-03     3.129831E-02      -1.477114E-03     -4.260724E-04     -9.013441E-04     1.426681E-02      2.989676E-01      
1.476614E+00      3.570562E-01      -2.664972E-02     1.253736E-01      5.390862E-03      2.042862E-03      5.053715E-02      5.804113E-03      -2.273854E-04     2.295762E-04      8.949740E-02      7.845283E-02      
1.304281E+00      2.541876E-01      -5.173920E-02     1.813410E-01      5.563895E-03      2.919376E-03      7.425991E-02      9.080212E-03      -8.483581E-04     3.759973E-04      1.432271E-01      1.059863E-01      
-8.092051E-01     3.012628E-01      3.464389E-03      5.550360E-05      5.914122E-05      -7.489371E-06     2.874672E-03      5.507832E-05      1.601687E-06      -4.331495E-05     1.258205E-02      -4.260512E-03     
1.592024E+00      2.564298E-02      -1.027294E-02     6.184398E-02      1.885572E-03      1.061424E-03      1.563075E-02      2.113671E-03      -1.835984E-04     8.539214E-05      3.078333E-02      -3.847459E-01     
1.722092E+00      5.996928E-02      -1.378183E-02     8.145841E-02      2.524366E-04      1.648790E-03      2.351794E-02      2.949986E-03      -3.200143E-05     2.334107E-04      3.612788E-02      -1.406043E-01     
1.042870E+00      3.819389E-01      -5.746564E-02     -4.041227E-02     8.347083E-04      -1.489825E-03     1.114557E-02      -1.323996E-03     -4.021159E-05     -4.979690E-04     3.729714E-02      1.797849E-01      
1.135738E+00      4.144111E-01      -4.818251E-02     6.976928E-03      1.657340E-03      -6.643205E-04     2.556432E-02      7.782227E-04      -1.288282E-04     -2.358842E-04     5.462684E-02      1.539943E-01      
1.610027E+00      3.570562E-01      -1.466244E-02     9.590585E-02      8.739034E-04      1.974298E-03      3.913007E-02      3.979850E-03      -1.346968E-04     2.644253E-04      5.724954E-02      5.339637E-02      
-1.999723E-01     5.059846E-02      2.517644E-02      -2.570107E-02     -1.401507E-03     -1.540030E-04     -1.524261E-02     -1.942528E-03     -5.146833E-05     1.502182E-05      1.614345E-01      4.220921E-01      
8.562384E-01      4.335712E-01      -4.657532E-02     -1.230929E-01     -2.369501E-03     -2.970657E-03     -3.644611E-02     -6.925771E-03     2.401416E-04      -7.468851E-04     -5.448142E-02     1.665775E-01      
7.204237E-01      2.189375E-01      -8.360603E-02     -3.274241E-01     -6.139977E-03     -5.656386E-03     -1.792610E-01     -1.592376E-02     1.368779E-03      -1.266895E-03     2.266579E-02      3.731175E-01      
1.556829E+00      1.662174E-01      -2.911236E-02     2.033455E-01      8.151471E-03      3.887647E-03      6.409985E-02      9.423189E-03      -5.861448E-04     5.125101E-04      1.067242E-01      6.503717E-03      
1.962871E+00      4.269191E-02      -5.996624E-03     3.396030E-02      2.796896E-04      6.923730E-04      7.791771E-03      1.061567E-03      -7.178330E-06     7.684951E-05      1.163598E-02      -1.135601E-01     
-3.800171E-02     3.741201E-01      7.683672E-02      -6.265995E-03     -1.883486E-04     -4.327864E-05     -1.478952E-02     -3.610808E-04     6.780289E-05      1.794109E-04      1.904589E-01      -2.325073E-01     
-7.020698E-01     1.970006E-01      5.057706E-03      9.467638E-05      3.349499E-05      -3.595560E-06     4.221499E-03      5.632847E-05      1.171066E-06      -6.268571E-05     2.099650E-02      6.142940E-03      
1.801432E+00      9.170801E-02      -1.288062E-02     6.613287E-02      4.019936E-04      1.256921E-03      2.220425E-02      2.995285E-03      -4.785410E-05     3.576246E-04      3.270776E-02      1.391722E-02      
9.336374E-01      4.999198E-01      -3.885539E-02     -7.453908E-02     -1.082414E-03     -1.904999E-03     -1.568097E-02     -3.961369E-03     1.856988E-04      -5.234919E-04     -2.147511E-02     1.390961E-01      
-4.542226E-01     2.767260E-01      1.645772E-02      -3.154764E-03     -9.158313E-05     -5.614785E-05     2.028816E-03      -1.238949E-04     3.912820E-07      -5.405239E-05     7.867630E-02      -1.309577E-03     
1.519188E-01      1.112366E-01      2.977090E-01      2.148472E-02      -2.543463E-03     2.534946E-03      -1.308725E-01     -7.727779E-04     -7.048344E-05     2.311599E-03      -6.725930E-02     -1.165283E+00     
-4.532659E-01     4.607054E-01      1.034524E-02      -2.693413E-03     -5.331955E-05     -4.866367E-05     -2.442324E-05     -1.364554E-04     1.673652E-06      -1.924889E-05     5.789487E-02      -6.339256E-02     
1.455883E+00      2.767260E-01      -3.294020E-02     1.569731E-01      2.469624E-03      2.670288E-03      6.215711E-02      6.488004E-03      -8.884672E-04     3.805427E-04      1.056265E-01      6.502426E-02      
1.865026E+00      1.526796E-01      -9.260282E-03     8.345357E-02      7.443521E-04      1.913282E-03      2.650213E-02      3.234790E-03      -3.640412E-05     2.940630E-04      3.108366E-02      7.602261E-03      
8.779840E-01      1.269574E-01      -1.064816E-01     -5.813102E-01     -1.087612E-02     -1.069499E-02     -1.090994E-01     -2.196286E-02     1.005982E-03      -2.862547E-03     -2.226011E-01     -7.508802E-02     
3.700663E-02      4.906152E-01      5.867821E-02      -9.730826E-03     -1.871080E-04     -1.214414E-04     -1.340308E-02     -5.873842E-04     4.929089E-05      1.070318E-04      6.898024E-02      -2.188794E-01     
5.440211E-01      1.489436E-01      -3.087611E-02     -4.652033E-02     -1.134532E-03     -1.023034E-03     -4.869464E-03     -3.352339E-03     1.567938E-04      -5.622148E-04     -1.101240E+00     9.417020E-02      
8.049365E-01      2.068302E-01      -8.352354E-02     -4.209718E-01     -2.732170E-02     -7.030003E-03     -1.058515E-01     -2.418196E-02     3.991762E-04      -1.794522E-03     5.675999E-03      1.543360E-01      
6.839071E-01      3.106774E-01      -4.954988E-02     -1.952661E-01     -5.226496E-03     -3.824044E-03     -9.739669E-02     -1.279738E-02     5.033985E-04      -1.067951E-03     -1.939121E-01     2.702931E-01      
1.781869E+00      3.279752E-01      -1.011579E-02     9.449102E-02      5.591457E-03      1.569274E-03      1.992804E-02      3.860993E-03      -7.600393E-05     2.507994E-04      3.557860E-02      3.132958E-02      
1.981387E+00      3.887158E-01      -4.827186E-03     5.776181E-02      2.556512E-03      1.097132E-03      1.497763E-02      2.369215E-03      -1.403053E-04     1.524739E-04      1.255553E-02      1.838154E-02      
4.342925E-04      2.361430E-01      1.278012E-01      6.037544E-04      -2.878697E-04     2.248164E-04      -2.118523E-02     -2.508243E-05     2.969090E-06      3.771954E-04      4.366765E-01      -3.649253E-01     
1.349981E+00      2.541876E-01      -4.960946E-02     2.044133E-01      1.025678E-02      3.028497E-03      7.701059E-02      1.045716E-02      -2.599707E-04     3.634381E-04      1.414962E-01      1.012171E-01      
-9.685345E-01     1.809556E-01      2.285621E-03      1.611765E-03      4.332325E-05      2.539616E-05      4.256703E-03      1.255951E-04      6.383100E-06      -5.531643E-05     4.960908E-03      -8.714654E-04     
6.127926E-01      3.551422E-01      -2.504493E-02     -1.423467E-01     -3.383406E-03     -2.840589E-03     -5.430655E-02     -9.437409E-03     1.173284E-04      -8.507244E-04     -2.924131E-01     1.698968E-01      
-3.944116E-01     1.662174E-01      1.927887E-02      -2.896023E-03     -4.628369E-05     -6.248950E-05     6.539743E-03      -1.355257E-04     3.840874E-06      -1.448144E-04     9.451515E-02      4.730165E-02      
8.403513E-01      5.125299E-01      -3.277714E-02     -9.764418E-02     -1.915213E-03     -2.047171E-03     -2.777462E-02     -4.959421E-03     9.510158E-05      -4.818724E-04     -5.907254E-02     1.225629E-01      
1.376849E+00      3.012628E-01      -3.903727E-02     1.502963E-01      3.431352E-03      2.357776E-03      5.933458E-02      6.562190E-03      -6.833615E-04     3.193248E-04      1.134810E-01      8.827871E-02      
1.108672E+00      2.099645E-01      -9.040054E-02     7.911851E-02      8.493706E-03      -3.719141E-04     7.749994E-02      6.478307E-03      -2.067330E-04     -2.975520E-04     1.343675E-01      2.533479E-01      
6.765040E-01      1.947037E-01      -1.044451E-01     -3.380467E-01     -1.147365E-02     -6.571800E-03     -1.463267E-01     -2.912882E-02     1.351690E-03      -2.207390E-03     -3.922752E-02     7.175823E-01      
1.515696E+00      1.288219E-01      -3.206766E-02     2.214211E-01      6.685986E-03      4.153766E-03      7.087442E-02      1.006956E-02      -3.510210E-04     6.001957E-04      1.175915E-01      4.332957E-03      
6.349598E-01      1.408463E-01      -1.434064E-01     -2.611958E-01     -1.516577E-02     -4.963131E-03     -9.595366E-02     -2.454728E-02     6.240730E-04      -2.190416E-03     -9.375428E-01     1.425505E+00      
2.272161E-01      1.615237E-01      2.175493E-01      -3.921064E-02     -3.002599E-03     -7.712061E-05     -6.749890E-02     -2.692124E-03     -2.059937E-05     1.110098E-03      -5.187150E-01     -7.236181E-01     
1.011905E+00      1.631297E-01      -1.128308E-01     -1.529139E-01     1.939938E-03      -4.840980E-03     4.940689E-02      -2.193832E-03     -4.019495E-04     -1.321753E-03     2.903090E-02      2.844996E-01      
-6.136866E-01     5.015553E-01      2.778801E-03      -1.047550E-03     -3.009977E-05     -1.837742E-05     1.090426E-03      -3.287230E-05     2.783269E-07      -2.082773E-05     1.544719E-02      -4.086167E-02     
8.968489E-01      2.394119E-01      -8.711160E-02     -3.002578E-01     -5.499406E-03     -5.849699E-03     -6.569138E-02     -1.174944E-02     6.862660E-04      -1.359885E-03     -5.454120E-02     2.361938E-01      
1.979116E+00      1.662174E-01      -5.514824E-03     5.603236E-02      2.496552E-03      1.110933E-03      1.183812E-02      2.997621E-03      -5.061471E-05     2.487571E-04      1.790583E-02      1.081039E-02      
1.417759E+00      2.767260E-01      -3.662359E-02     1.657717E-01      3.939077E-03      2.512263E-03      6.020102E-02      6.330970E-03      -2.052857E-04     3.459267E-04      1.143349E-01      7.305531E-02      
-1.611993E-01     3.846567E-01      5.111831E-02      -6.645770E-03     -2.452994E-04     -4.705276E-05     -7.630072E-03     -3.854074E-04     4.842068E-06      7.436601E-05      1.799780E-01      -1.262465E-01     
1.356668E+00      4.925281E-01      -2.397149E-02     7.251948E-02      2.685214E-03      7.954429E-04      3.367848E-02      2.311125E-03      -5.701468E-05     6.389804E-05      7.775209E-02      1.091885E-01      
1.039743E+00      2.956276E-01      -7.521389E-02     -7.652863E-02     1.467233E-03      -2.746027E-03     1.485573E-02      -1.613855E-03     -1.292287E-04     -6.188439E-04     3.073229E-02      2.290865E-01      
7.145902E-01      4.113745E-01      -3.644092E-02     -1.453000E-01     -1.906392E-03     -3.200519E-03     -5.844942E-02     -8.481943E-03     3.143607E-04      -8.373206E-04     -1.467597E-01     1.670841E-01      
-2.108911E-01     4.959405E-01      3.020287E-02      -5.645406E-03     -1.320478E-04     -6.752951E-05     -5.398538E-03     -2.694715E-04     1.609246E-06      3.295041E-05      1.253578E-01      -1.255811E-01     
9.716488E-01      1.171226E-01      -1.169261E-01     -4.791164E-01     -1.011907E-02     -1.002949E-02     9.428480E-03      -1.188822E-02     -5.656487E-05     -2.246207E-03     -1.698137E-01     -4.589651E-02     
7.443772E-01      3.489543E-01      -5.153378E-02     -1.984282E-01     -7.454557E-03     -3.897631E-03     -6.774968E-02     -1.257556E-02     2.996883E-04      -1.008296E-03     -1.230501E-01     2.191877E-01      
7.501872E-01      2.022228E-01      -9.167758E-02     -3.880535E-01     -9.882661E-03     -6.526322E-03     -1.620625E-01     -2.413681E-02     1.964656E-03      -1.925178E-03     8.648188E-02      2.742276E-01      
1.705646E+00      2.767260E-01      -1.340211E-02     1.019980E-01      1.003659E-03      2.123846E-03      3.523789E-02      4.213820E-03      -2.412745E-04     3.197828E-04      4.815540E-02      2.881087E-02      
-6.200127E-01     1.825495E-02      1.101542E-03      -8.484473E-04     -5.126122E-05     -5.884858E-06     -4.559137E-04     -8.256640E-05     -1.921882E-07     -1.468211E-06     5.001112E-03      6.048943E-02      
8.065552E-01      1.014776E-01      -5.425085E-02     -5.563272E-01     -2.529672E-02     -8.008816E-03     -2.615817E-01     -2.764369E-02     2.306464E-03      -2.031510E-03     -2.750876E-01     -1.970358E+00     
6.834245E-01      3.933037E-01      -3.455849E-02     -1.492529E-01     -1.839803E-03     -3.060950E-03     -5.817425E-02     -7.931024E-03     1.705766E-04      -8.471181E-04     -1.819388E-01     1.744497E-01      
3.946619E-01      2.335682E-01      8.353589E-02      -3.571312E-02     -3.715241E-04     -7.477764E-04     -2.235142E-02     -2.160007E-03     9.497942E-05      -1.093143E-04     -6.150138E-01     -3.092155E-01     
8.140843E-01      2.995668E-01      -7.228253E-02     -2.503431E-01     -2.734053E-03     -5.307247E-03     -7.604644E-02     -1.285533E-02     1.156388E-03      -1.512760E-03     -5.240270E-02     2.455994E-01      
1.073759E-02      2.486452E-02      1.026445E-01      9.539247E-02      3.724399E-03      1.524582E-03      -4.660927E-02     5.308603E-03      2.101908E-05      1.709031E-03      1.613347E+00      2.449043E+00      
1.490195E+00      8.423869E-02      -3.501884E-02     2.143490E-01      7.764900E-03      3.323236E-03      6.486276E-02      9.622572E-03      -3.697659E-04     4.839035E-04      1.179581E-01      -1.257565E-01     
1.900123E+00      5.015553E-01      -1.601395E-03     4.462616E-02      2.936592E-04      9.541853E-04      1.690442E-02      1.768240E-03      -1.541011E-04     1.224191E-04      1.355826E-03      3.057086E-02      
2.558451E-01      3.125665E-01      1.109387E-01      -2.016147E-02     -6.966829E-04     -1.581164E-04     -2.355596E-02     -1.160962E-03     1.255052E-05      1.731338E-04      -2.347249E-01     -4.473637E-01     
1.350235E+00      2.163590E-02      -1.735797E-02     7.593551E-02      2.249160E-03      9.507781E-04      2.702645E-02      2.811501E-03      -2.002289E-04     3.980010E-05      5.403904E-02      -7.841495E-01     
1.872690E+00      2.334849E-01      -8.328955E-03     8.166973E-02      1.496310E-03      1.526799E-03      2.054680E-02      3.107605E-03      -7.674336E-05     2.263675E-04      2.761972E-02      9.513890E-03      
8.423011E-01      2.125131E-01      -9.222583E-02     -3.676339E-01     -6.711282E-03     -7.481991E-03     -1.273845E-01     -1.767626E-02     1.164302E-03      -1.860886E-03     -5.233857E-02     2.123276E-01      
1.383511E+00      1.288219E-01      -5.218126E-02     3.357067E-01      2.546232E-02      5.110547E-03      8.515459E-02      1.792864E-02      -3.112075E-04     7.489364E-04      1.854884E-01      9.173336E-03      
8.455426E-01      3.708713E-01      -5.234235E-02     -1.917379E-01     -7.019298E-03     -3.467074E-03     -5.485984E-02     -8.393928E-03     2.280329E-04      -7.570543E-04     -7.331089E-02     1.736135E-01      
1.510445E+00      2.144684E-01      -3.167766E-02     1.988341E-01      6.387959E-03      3.084616E-03      5.254102E-02      7.830206E-03      -4.790188E-04     4.769116E-04      1.078408E-01      3.808905E-02      
1.516317E+00      3.570562E-01      -2.031545E-02     1.022756E-01      1.280677E-03      1.983757E-03      4.358614E-02      4.310251E-03      -1.461916E-04     2.892949E-04      7.600108E-02      6.394327E-02      
1.257854E+00      4.142957E-01      -4.249672E-02     6.860034E-02      6.092310E-03      2.765119E-04      4.243014E-02      3.475404E-03      -1.426507E-04     -7.932958E-05     7.635295E-02      1.391642E-01      
8.344913E-01      1.573235E-01      -9.835084E-02     -5.264511E-01     -1.783762E-02     -9.977968E-03     -1.365050E-01     -2.823447E-02     8.927811E-04      -2.705578E-03     -6.516895E-02     -7.082365E-02     
1.462364E+00      2.144684E-01      -3.258029E-02     1.841591E-01      4.144282E-03      3.313333E-03      5.710289E-02      8.877674E-03      -6.291011E-04     5.491373E-04      1.133849E-01      3.688576E-02      
7.928259E-01      8.347072E-02      -3.189155E-03     -5.831808E-01     -2.073270E-02     -9.196880E-03     -3.487663E-01     -3.860545E-02     3.953159E-03      -2.080329E-03     -8.874835E-01     -3.734342E+00     
5.430047E-02      3.350720E-02      2.189549E-01      2.298689E-01      7.683439E-03      3.615093E-03      -3.066510E-02     1.816704E-02      4.891785E-05      3.484949E-03      2.667838E+00      2.075322E+00      
1.598980E+00      4.231825E-01      -1.162344E-02     9.176249E-02      2.637204E-03      1.448640E-03      2.559585E-02      4.072224E-03      -3.136313E-04     2.334895E-04      5.039126E-02      6.883515E-02      
1.723857E+00      3.887158E-01      -8.965254E-03     7.870605E-02      1.159873E-03      1.608820E-03      3.039352E-02      3.141530E-03      -5.273949E-05     2.029452E-04      3.402664E-02      4.493909E-02      
7.424902E-01      1.455375E-01      -1.063538E-01     -4.624712E-01     -1.039980E-02     -9.477564E-03     -2.000550E-01     -3.231251E-02     1.518308E-03      -3.181113E-03     3.792500E-01      -1.690625E-01     
1.428427E-01      1.770738E-01      2.246307E-01      -4.066537E-04     8.017736E-05      8.239490E-06      -4.421915E-02     -8.057676E-06     -2.731825E-05     8.583900E-04      1.221683E-01      -1.065765E+00     
-9.998015E-01     4.607054E-01      1.202855E-03      3.537008E-04      2.498311E-05      2.933774E-06      2.097082E-03      4.540660E-05      2.537347E-06      -2.349880E-05     1.808717E-03      -5.637030E-03     
1.007173E+00      1.264349E-01      -1.233098E-01     -2.206045E-01     1.374669E-03      -6.888373E-03     6.826542E-02      -3.577200E-03     -6.947316E-04     -1.897688E-03     -1.993462E-02     1.793181E-01      
9.162312E-01      2.006577E-01      -9.625648E-02     -3.690158E-01     -6.677233E-03     -7.293405E-03     -7.850201E-02     -1.334132E-02     5.855738E-04      -1.486042E-03     -1.044004E-01     2.473207E-01      
1.205648E+00      2.488497E-01      -6.689519E-02     1.385758E-01      4.830378E-03      1.388046E-03      7.503572E-02      6.530878E-03      -4.253701E-04     1.260767E-04      1.445830E-01      1.640652E-01      
7.770912E-01      2.697694E-01      -6.960626E-02     -2.840627E-01     -6.437864E-03     -5.685284E-03     -1.318690E-01     -1.540480E-02     3.017998E-04      -1.257852E-03     -5.881953E-02     2.326127E-01      
6.598722E-03      1.209529E-01      1.684361E-01      -3.613827E-02     -1.284423E-03     -6.963377E-04     -7.464009E-02     -1.590287E-03     -6.608406E-06     1.396567E-03      1.056409E+00      -6.056452E-02     
8.431701E-01      7.974367E-02      -3.555157E-02     -8.302390E-01     -4.016481E-02     -1.238452E-02     -2.191983E-01     -4.545821E-02     1.719018E-03      -3.120707E-03     -6.683281E-01     -2.625652E+00     
-4.076111E-02     3.909268E-02      7.307785E-02      -2.267699E-02     -3.428472E-03     6.862283E-04      -7.199979E-02     -4.175529E-03     8.299451E-06      7.161901E-04      7.352329E-01      1.273148E+00      
1.171012E+00      2.099645E-01      -8.196271E-02     1.450057E-01      5.891382E-03      1.281336E-03      1.097953E-01      7.638617E-03      -2.910851E-04     4.019908E-05      1.701946E-01      2.055573E-01      
8.869379E-01      2.218310E-01      -8.726190E-02     -3.670879E-01     -1.319399E-02     -6.282007E-03     -8.169006E-02     -1.454160E-02     6.342397E-04      -1.353790E-03     -8.994535E-02     2.116520E-01      
1.121921E+00      1.372992E-01      -1.119562E-01     1.662502E-01      1.507796E-02      -6.554532E-04     1.550330E-01      1.090338E-02      -1.029707E-03     -6.227798E-04     1.958857E-01      2.207679E-01      
4.846563E-01      4.542513E-01      1.664464E-02      -6.823368E-02     -1.833192E-03     -1.426806E-03     -3.126527E-02     -4.710060E-03     2.521732E-04      -3.476572E-04     -2.453064E-01     -4.054086E-02     
9.286930E-01      3.295327E-01      -6.740916E-02     -1.685937E-01     -3.081193E-03     -3.586229E-03     -3.216522E-02     -6.403976E-03     1.770042E-04      -8.855101E-04     -3.280411E-02     2.075948E-01      
7.476943E-01      8.896969E-02      3.009104E-02      -3.744105E-01     -2.021875E-02     -6.522690E-03     -3.890665E-01     -3.849803E-02     2.401038E-03      -8.682775E-04     -1.430349E+00     -6.889259E+00     
-6.561554E-02     1.176298E-01      1.060324E-01      -3.718604E-02     -1.341380E-03     -7.215744E-04     -3.378868E-02     -2.274478E-03     -5.422286E-06     3.924691E-04      6.953279E-01      2.161951E-01      
1.833817E+00      3.279752E-01      -9.234714E-03     8.982915E-02      4.314309E-03      1.592968E-03      2.298407E-02      3.984488E-03      -1.647237E-04     2.182847E-04      3.048337E-02      2.719264E-02      
8.704680E-01      2.864524E-01      -7.586880E-02     -2.538409E-01     -8.256956E-03     -4.875526E-03     -5.450141E-02     -1.292587E-02     5.152792E-04      -1.241816E-03     -4.432623E-02     2.223180E-01      
1.684072E+00      4.231825E-01      -9.677093E-03     8.919763E-02      3.645713E-03      1.534474E-03      2.787638E-02      4.022352E-03      -3.275437E-04     1.977998E-04      3.747772E-02      5.785202E-02      
5.544180E-01      2.545513E-01      -1.878823E-02     -1.264015E-01     -2.696654E-03     -2.447896E-03     -4.969903E-02     -8.640672E-03     2.548110E-04      -8.051346E-04     -5.899482E-01     2.007623E-01      
1.045722E+00      4.529407E-01      -4.621092E-02     -3.445432E-02     6.430000E-04      -1.347403E-03     5.212178E-03      -1.423528E-03     -4.541639E-05     -3.775665E-04     2.177955E-02      1.554072E-01      
7.336606E-02      1.124403E-01      2.502725E-01      -1.789500E-02     -5.182505E-03     9.276246E-04      -1.096114E-01     -2.658775E-03     -3.657975E-05     2.134470E-03      1.105676E+00      -7.776849E-01     
7.284419E-01      2.918224E-01      -6.332433E-02     -2.556109E-01     -4.580230E-03     -4.497112E-03     -9.297592E-02     -1.280184E-02     9.009823E-04      -1.229136E-03     -1.161670E-01     2.875721E-01      
6.426636E-01      2.475116E-01      -6.400041E-02     -2.188517E-01     -2.564896E-03     -4.266584E-03     -1.098121E-01     -1.278159E-02     8.072223E-04      -1.275717E-03     -3.316663E-01     4.584427E-01      
1.429601E+00      2.541876E-01      -3.646540E-02     1.818052E-01      4.027554E-03      2.989178E-03      5.961913E-02      7.426709E-03      -1.659656E-04     4.075109E-04      1.165035E-01      6.453844E-02      
8.940976E-01      8.352712E-02      -7.956951E-02     -7.911670E-01     -1.185498E-02     -1.498196E-02     -2.051631E-01     -2.800334E-02     4.908720E-04      -2.988368E-03     -4.754043E-01     -1.710068E+00     
7.072179E-01      8.590527E-02      2.456236E-01      6.280572E-01      2.755089E-02      -2.169034E-03     -2.096147E-01     -3.169387E-03     2.504505E-03      3.783014E-03      -3.112159E+00     -6.329230E+00     
1.986894E+00      4.607054E-01      -2.952472E-03     4.955410E-02      1.674599E-03      9.138189E-04      1.186618E-02      1.889866E-03      -2.832693E-05     1.317526E-04      5.362616E-03      2.012992E-02      
7.949655E-01      1.373127E-01      -7.992309E-02     -5.105055E-01     -1.353237E-02     -8.174988E-03     -2.317347E-01     -2.449525E-02     3.763758E-03      -2.155189E-03     5.243254E-03      -4.361551E-01     
1.472358E+00      1.183298E-01      -3.512206E-02     2.187360E-01      6.802837E-03      4.194965E-03      7.555633E-02      1.085881E-02      -7.857985E-04     7.256344E-04      1.280085E-01      3.395768E-03      
1.755495E-01      2.396537E-01      1.672177E-01      -2.913290E-03     -7.289419E-04     1.486177E-04      -2.709281E-02     -7.106496E-04     -1.473251E-06     4.684235E-04      -6.659053E-02     -7.329402E-01     
1.157887E+00      1.373494E-01      -1.048680E-01     2.522992E-01      1.977310E-02      1.663555E-03      1.725997E-01      1.536739E-02      -1.741169E-03     -2.104008E-04     2.384604E-01      1.862139E-01      
9.286714E-01      1.685624E-01      -1.078920E-01     -3.839236E-01     -1.128834E-02     -7.553107E-03     -3.342107E-02     -1.453872E-02     2.794912E-04      -1.994449E-03     -9.528404E-02     1.974782E-01      
1.581639E+00      2.767260E-01      -2.097437E-02     1.366635E-01      2.896354E-03      2.360782E-03      4.004330E-02      5.648342E-03      -2.303865E-04     3.680010E-04      7.456097E-02      4.136540E-02      
8.203784E-01      2.546663E-01      -8.345915E-02     -3.046613E-01     -4.709576E-03     -6.439934E-03     -1.108749E-01     -1.628552E-02     8.062928E-04      -1.638188E-03     -3.647624E-02     2.440009E-01      
4.026767E-01      1.352059E-01      1.008883E-01      1.176764E-02      3.730498E-05      5.196577E-04      -2.853591E-02     8.806980E-05      7.530415E-05      5.043350E-04      -8.264420E-01     1.269434E-01      
1.239629E+00      1.086922E-01      -7.829369E-02     3.310839E-01      1.087525E-02      4.449060E-03      1.494438E-01      1.542230E-02      -1.146002E-03     3.321970E-04      2.453730E-01      -6.628022E-02     
9.497640E-01      2.833276E-02      -1.784103E-01     5.239532E+00      1.889178E-01      6.978085E-02      1.726839E+00      2.586254E-01      -6.592445E-03     1.345494E-02      3.677804E+00      2.404240E+01      
1.358149E+00      1.086922E-01      -5.173488E-02     2.737743E-01      4.449385E-03      4.876210E-03      1.155701E-01      1.163066E-02      -8.849916E-04     6.455922E-04      1.803102E-01      -3.806009E-02     
6.198958E-01      1.985007E-01      -7.668051E-02     -2.175707E-01     -1.330151E-02     -3.378963E-03     -6.759887E-02     -1.565394E-02     2.533644E-04      -1.370975E-03     -5.441492E-01     6.625956E-01      
1.449261E+00      1.086922E-01      -3.440235E-02     1.978415E-01      2.739231E-03      3.967677E-03      7.503707E-02      9.449109E-03      -1.070360E-03     7.396768E-04      1.230859E-01      -9.833624E-05     
8.682925E-01      2.437782E-01      -8.008636E-02     -3.493029E-01     -1.749029E-02     -5.912805E-03     -7.590693E-02     -1.703776E-02     6.615624E-04      -1.365814E-03     -6.765775E-02     1.913008E-01      
8.330262E-01      1.838231E-01      -9.478018E-02     -4.384575E-01     -1.477531E-02     -7.418720E-03     -1.272981E-01     -2.015576E-02     1.401639E-03      -1.985896E-03     -6.381763E-02     1.303396E-01      
-9.060292E-01     1.007390E-03      1.578964E-05      2.665506E-06      2.920284E-07      -2.225611E-08     -1.586459E-05     2.652604E-07      5.525577E-09      2.105587E-07      5.340128E-05      1.886484E-02      
1.277283E+00      9.170801E-02      -6.650871E-02     3.191064E-01      1.395934E-02      3.870665E-03      1.129698E-01      1.586888E-02      -8.384697E-04     4.137704E-04      2.192108E-01      -1.939658E-01     
1.094486E+00      1.627268E-01      -1.044798E-01     8.717725E-02      6.351411E-03      -7.053243E-04     1.176811E-01      6.628579E-03      -9.677621E-04     -4.978697E-04     1.667014E-01      2.532401E-01      
1.501847E+00      5.015553E-01      -1.255262E-02     8.207791E-02      5.517711E-03      1.151265E-03      2.879138E-02      3.802957E-03      -1.709082E-04     1.325932E-04      6.364492E-02      1.029577E-01      
1.906756E+00      3.012628E-01      -6.451505E-03     6.441242E-02      1.122558E-03      1.363808E-03      2.022784E-02      2.894952E-03      -2.817316E-04     2.013331E-04      2.045573E-02      1.784951E-02      
1.077560E+00      8.978215E-02      -1.111094E-01     -4.665777E-02     1.012215E-02      -5.267016E-03     9.731446E-02      1.219377E-03      -6.087182E-04     -1.572028E-03     1.374462E-01      -5.362046E-01     
1.710989E+00      1.970006E-01      -1.629093E-02     1.291278E-01      6.685755E-03      2.621332E-03      3.393760E-02      6.169022E-03      -2.058664E-04     3.631063E-04      5.928524E-02      5.022441E-03      
1.320110E+00      1.662174E-01      -6.307207E-02     2.886447E-01      1.314896E-02      4.267196E-03      1.216263E-01      1.361636E-02      -7.850732E-04     5.159512E-04      2.014302E-01      7.958757E-02      
1.353122E+00      3.570562E-01      -3.576604E-02     1.175837E-01      3.932061E-03      1.610640E-03      4.510155E-02      5.387869E-03      -3.114666E-04     1.948504E-04      1.010417E-01      9.683266E-02      
7.820857E-01      4.567792E-02      4.891860E-01      1.515602E+00      4.406322E-02      1.479579E-02      -9.944478E-01     -1.633336E-02     1.045377E-02      5.971284E-03      -3.904098E+00     -2.010226E+01     
1.265424E+00      7.107556E-02      -6.534881E-02     2.318698E-01      9.392826E-03      1.926303E-03      1.107388E-01      7.862574E-03      -6.044855E-04     -1.817159E-05     1.969986E-01      -5.546927E-01     
1.371797E+00      8.423869E-02      -5.346718E-02     3.145427E-01      2.201441E-02      4.208897E-03      9.061281E-02      1.564222E-02      -2.122051E-04     5.042591E-04      1.821562E-01      -2.311298E-01     
1.031841E+00      9.779726E-02      -1.204583E-01     -2.836725E-01     -3.588914E-05     -8.645532E-03     6.756541E-02      -5.684494E-03     -2.841350E-04     -2.206273E-03     -2.802365E-02     -4.077490E-01     
1.402118E+00      8.423869E-02      -4.186876E-02     2.180844E-01      4.552517E-03      3.820345E-03      8.328887E-02      1.013347E-02      -7.430247E-04     6.034951E-04      1.417717E-01      -1.494572E-01     
1.344166E+00      1.288219E-01      -5.740225E-02     3.230372E-01      1.028510E-02      5.186458E-03      1.144259E-01      1.420137E-02      -6.409446E-04     5.834616E-04      1.976518E-01      7.836279E-03      
1.544097E+00      3.012628E-01      -2.640074E-02     1.608997E-01      8.450480E-03      2.719707E-03      5.075429E-02      7.579562E-03      -2.967636E-04     3.079095E-04      8.888325E-02      5.969178E-02      
6.811874E-01      2.186300E-01      -8.873764E-02     -3.013531E-01     -6.732780E-03     -6.039129E-03     -1.530023E-01     -2.316469E-02     1.905284E-03      -1.754446E-03     -1.053873E-01     5.674964E-01      
1.458292E+00      1.809556E-01      -3.576423E-02     2.153720E-01      5.598287E-03      4.078770E-03      6.874588E-02      1.014685E-02      -3.028739E-04     5.807434E-04      1.265478E-01      2.258722E-02      
1.474558E+00      2.163590E-02      -1.198047E-02     6.811873E-02      1.251357E-03      1.213692E-03      2.060685E-02      2.347289E-03      -1.934903E-04     7.685539E-05      3.731466E-02      -5.467675E-01     
2.547634E-01      3.956556E-01      8.015570E-02      -2.454936E-02     -6.298979E-04     -3.785779E-04     -2.279664E-02     -1.641498E-03     1.377937E-04      6.687905E-05      -1.609575E-01     -3.147353E-01     
1.202150E+00      7.107556E-02      -7.591435E-02     1.648541E-01      7.980264E-03      -5.496024E-05     1.094576E-01      5.727303E-03      -2.727632E-04     -3.155036E-04     1.993659E-01      -6.879838E-01     
1.137140E+00      9.777872E-02      -1.109582E-01     1.718056E-01      2.542367E-02      -1.341509E-03     1.483833E-01      1.214480E-02      -1.076185E-03     -9.436806E-04     2.176301E-01      -2.826469E-01     
8.130306E-01      7.682402E-02      -1.048274E-02     -7.084065E-01     -2.247064E-02     -8.999754E-03     -2.580210E-01     -3.456930E-02     1.489647E-03      -2.615190E-03     -9.141656E-01     -2.972580E+00     
1.307673E+00      1.970006E-01      -5.998439E-02     2.578058E-01      1.367206E-02      4.000227E-03      9.383905E-02      1.396714E-02      -6.367591E-04     5.101802E-04      1.797270E-01      9.838177E-02      
1.222417E+00      4.910227E-01      -3.243456E-02     3.213496E-02      1.523769E-03      7.680366E-05      2.483403E-02      1.549603E-03      -1.424178E-04     -7.611864E-05     6.234053E-02      1.178941E-01      
1.290174E+00      1.662174E-01      -6.919778E-02     2.922530E-01      1.226026E-02      4.503985E-03      1.318185E-01      1.385033E-02      -3.660847E-04     4.692225E-04      2.092890E-01      1.022386E-01      
8.960279E-01      3.933386E-01      -5.354055E-02     -1.498882E-01     -8.233670E-03     -3.057962E-03     -2.663872E-02     -8.536753E-03     2.088414E-04      -8.201380E-04     -4.552262E-02     1.755216E-01      
6.314213E-01      3.171958E-01      -4.174016E-02     -1.691036E-01     -1.938121E-03     -3.760009E-03     -6.924808E-02     -1.105507E-02     7.894820E-04      -1.205112E-03     -3.162330E-01     2.624423E-01      
1.296792E+00      2.564298E-02      -2.586967E-02     9.645406E-02      5.896422E-03      7.382991E-04      4.235610E-02      3.984421E-03      -3.637801E-04     -1.279745E-05     8.051424E-02      -9.646246E-01     
1.421918E+00      1.183298E-01      -4.471122E-02     2.784658E-01      6.273618E-03      5.152716E-03      1.072889E-01      1.248984E-02      -1.059360E-03     6.615964E-04      1.610390E-01      -1.049367E-02     
7.566305E-01      7.749065E-02      7.147159E-02      -9.520858E-01     -2.651817E-02     -1.571827E-02     -6.109934E-01     -6.435988E-02     3.075840E-03      -2.336435E-03     -3.456893E+00     -9.724712E+00     
7.127879E-01      1.811576E-01      -1.014993E-01     -3.658549E-01     -5.104926E-03     -6.571662E-03     -2.111151E-01     -1.407186E-02     3.453460E-04      -2.050294E-03     2.287691E-01      3.867609E-01      
8.471265E-01      3.153861E-01      -6.817104E-02     -2.188959E-01     -4.101817E-03     -4.504350E-03     -6.511348E-02     -1.052158E-02     2.304614E-04      -1.208123E-03     -5.483493E-02     2.181320E-01      
8.546507E-01      4.795244E-02      1.166564E-01      -2.722840E+00     -7.989987E-02     -3.598072E-02     -1.176906E+00     -1.484455E-01     4.532125E-03      -7.601460E-03     -4.126920E+00     -2.398511E+01     
8.785939E-01      1.488489E-01      -1.012175E-01     -5.345132E-01     -8.169927E-03     -9.285339E-03     -1.310870E-01     -1.792586E-02     1.652057E-03      -2.382441E-03     -1.816616E-01     -7.176748E-03     
1.229268E+00      4.269191E-02      -4.881006E-02     1.118163E-01      7.730662E-03      -5.025555E-04     6.543132E-02      4.229419E-03      -3.643102E-04     -2.419210E-04     1.288068E-01      -1.000644E+00     
7.211654E-01      1.226782E-01      -9.690037E-02     -4.492708E-01     -2.408361E-02     -9.539339E-03     -2.435152E-01     -4.172493E-02     1.044274E-03      -2.499605E-03     7.283394E-01      -8.090907E-01     
1.178916E+00      1.540227E-02      -2.117359E-02     3.367567E-02      5.097504E-03      -6.016641E-04     2.418407E-02      1.865657E-03      -1.522455E-04     -1.869009E-04     5.224249E-02      -1.374630E+00     
1.383731E+00      1.970006E-01      -4.647098E-02     2.173041E-01      4.344891E-03      3.568621E-03      8.769085E-02      8.386297E-03      -8.180151E-04     4.639651E-04      1.506891E-01      5.796544E-02      
-6.116314E-01     1.288219E-01      6.510813E-03      -2.494052E-04     9.364804E-05      -4.268448E-05     6.187067E-03      6.057607E-05      5.065942E-06      -1.016058E-04     2.708264E-02      2.075483E-02      
8.928135E-01      6.126343E-02      -3.099549E-02     -8.159286E-01     -1.971303E-02     -1.081473E-02     -1.759425E-01     -2.477297E-02     4.825771E-04      -2.126614E-03     -6.600853E-01     -1.720063E+00     
1.259768E+00      1.288219E-01      -6.869271E-02     3.039485E-01      7.536633E-03      4.071301E-03      1.209940E-01      1.264753E-02      -1.005960E-03     5.104515E-04      2.229524E-01      2.007396E-02      
9.052637E-01      1.232364E-01      -1.093262E-01     -5.825784E-01     -9.919925E-03     -1.208676E-02     -1.234310E-01     -2.044853E-02     6.315088E-04      -2.578406E-03     -2.864401E-01     -5.344422E-02     
7.382198E-01      1.214644E-01      -8.898457E-02     -4.442276E-01     -7.498807E-03     -9.096602E-03     -2.684866E-01     -3.193918E-02     4.048853E-03      -2.552927E-03     4.667495E-01      -7.518125E-01     
9.104877E-01      3.691407E-02      2.584324E-01      -3.137357E+00     -1.662452E-01     -3.388006E-02     -1.367735E+00     -1.782100E-01     5.179573E-03      -5.272072E-03     -1.106185E+01     -6.535557E+01     
1.233652E+00      2.712954E-01      -6.573556E-02     1.527890E-01      1.381701E-02      1.273877E-03      7.205701E-02      9.003961E-03      -4.323036E-04     1.506301E-05      1.277760E-01      1.765690E-01      
2.102168E-01      9.372568E-02      2.609906E-01      6.192942E-02      1.128332E-03      1.870409E-03      -1.154971E-01     2.389688E-03      2.232603E-04      2.820524E-03      -3.103992E+00     6.595685E+00      
7.834109E-01      1.516743E-01      -9.388385E-02     -4.854786E-01     -1.662866E-02     -8.422476E-03     -1.778990E-01     -2.928289E-02     2.519040E-03      -2.509881E-03     9.816607E-02      -2.030482E-01     
1.016941E+00      5.395740E-02      -7.448214E-02     -5.705434E-01     -1.151612E-02     -1.300612E-02     -3.709420E-02     -1.740161E-02     -2.362296E-04     -2.088923E-03     -2.566800E-01     -1.288465E+00     
1.411085E+00      4.269191E-02      -2.635810E-02     1.355216E-01      4.666062E-03      2.063694E-03      4.148210E-02      5.335007E-03      -5.693530E-05     1.811515E-04      8.594931E-02      -5.195515E-01     
6.668269E-01      1.678924E-01      -1.288424E-01     -3.718402E-01     -4.127165E-03     -7.570636E-03     -1.503808E-01     -2.750455E-02     1.133407E-03      -3.156518E-03     6.281618E-03      1.010490E+00      
6.960720E-01      2.454181E-01      -7.338379E-02     -2.800114E-01     -1.375675E-02     -5.829507E-03     -1.315381E-01     -2.245864E-02     4.245305E-04      -1.351421E-03     -1.009452E-01     4.131494E-01      
8.386263E-01      6.168218E-02      2.044061E-02      -6.735948E-01     -5.467767E-02     -7.782302E-03     -1.957978E-01     -3.664749E-02     4.192335E-04      -1.528395E-03     -1.158366E+00     -3.410003E+00     
7.688076E-01      4.552553E-01      -3.631933E-02     -1.251637E-01     -5.838095E-03     -2.518814E-03     -3.329275E-02     -8.472336E-03     1.930878E-04      -7.282611E-04     -9.970190E-02     1.470068E-01      
9.258366E-01      1.314213E-01      -1.118380E-01     -5.104240E-01     -1.025176E-02     -9.416480E-03     -4.371225E-02     -1.523842E-02     3.512696E-04      -2.380751E-03     -1.958044E-01     6.693515E-02      
9.304869E-01      8.622622E-02      -7.869247E-02     -8.995363E-01     -4.623582E-02     -1.430085E-02     -1.197682E-01     -3.374628E-02     4.351094E-04      -2.915690E-03     -4.796236E-01     -1.438854E+00     
6.994327E-01      1.302041E-01      -1.306590E-01     -5.219669E-01     -1.351283E-02     -1.199941E-02     -2.640219E-01     -4.505657E-02     1.088108E-03      -3.777934E-03     1.169211E+00      -2.356732E-01     
9.011265E-01      1.457146E-01      -1.039689E-01     -5.392039E-01     -8.838576E-03     -1.025566E-02     -1.150058E-01     -1.893799E-02     8.552578E-04      -2.336977E-03     -2.069793E-01     4.564016E-02      
4.765529E-01      1.781806E-01      3.518100E-02      -4.606307E-02     -3.498969E-03     -6.557516E-04     -1.569349E-02     -3.364869E-03     6.409711E-05      -1.899652E-04     -8.655010E-01     -6.058230E-02     
9.351289E-01      1.014285E-01      -1.084479E-01     -6.497415E-01     -1.025292E-02     -1.279845E-02     -8.302655E-02     -1.991998E-02     5.186823E-04      -2.751087E-03     -2.800299E-01     -6.540169E-01     
1.200972E+00      1.785431E-01      -7.982837E-02     2.259326E-01      8.998061E-03      2.413272E-03      1.056377E-01      1.065433E-02      -7.456251E-04     2.199798E-04      1.991801E-01      1.557118E-01      
9.865047E-01      7.612104E-02      -9.397746E-02     -6.765204E-01     -9.652433E-03     -1.450089E-02     -7.559448E-02     -1.822496E-02     7.186099E-07      -2.379021E-03     -3.294701E-01     -1.237594E+00     
1.065860E+00      2.305975E-02      -4.017777E-02     3.558357E-01      2.026656E-02      2.182392E-03      1.350990E-01      1.732936E-02      -5.727896E-04     4.279276E-04      4.503338E-01      1.181189E-01      
7.885886E-01      1.078649E-01      -6.586796E-02     -5.009037E-01     -1.474774E-02     -8.515158E-03     -2.356868E-01     -2.581917E-02     2.591475E-03      -2.266253E-03     -1.207272E-01     -1.275781E+00     
1.049212E+00      3.526439E-02      -6.029537E-02     -3.754204E-02     1.545294E-02      -4.208346E-03     1.063436E-01      6.428618E-03      -7.441663E-04     -8.096957E-04     2.369729E-01      5.269416E-01      
1.224773E+00      1.526604E-01      -7.878142E-02     2.842530E-01      9.916755E-03      3.283468E-03      1.223347E-01      1.199204E-02      -1.103391E-03     2.959589E-04      2.221472E-01      1.108463E-01      
8.914075E-01      1.877372E-01      -9.922776E-02     -3.928984E-01     -8.868249E-03     -7.613327E-03     -1.002929E-01     -1.474909E-02     3.664127E-04      -1.789854E-03     -1.184539E-01     2.103787E-01      
1.052478E+00      1.495240E-01      -1.129658E-01     7.790723E-03      6.777981E-03      -2.533078E-03     9.837241E-02      4.582952E-03      -8.950118E-04     -9.287532E-04     1.241284E-01      2.587788E-01      
9.946491E-01      2.320533E-02      -3.244319E-01     6.272689E+00      3.043477E-01      7.472935E-02      2.337004E+00      2.705621E-01      -2.137921E-03     1.018730E-02      4.020558E+00      2.750745E+01      
7.877814E-01      1.846489E-01      -1.026160E-01     -4.296735E-01     -6.777001E-03     -8.005389E-03     -1.521453E-01     -2.258909E-02     1.701475E-03      -2.562960E-03     4.852340E-02      1.678208E-01      
7.595082E-01      2.414721E-01      -8.441845E-02     -3.276768E-01     -1.225311E-02     -6.715575E-03     -1.182486E-01     -2.337408E-02     1.010985E-03      -1.989068E-03     -8.231846E-03     3.049574E-01      
1.101429E+00      3.839134E-02      -5.624953E-02     -9.731466E-02     7.310158E-03      -6.049781E-03     3.428899E-02      -9.860413E-04     -2.896770E-04     -8.263986E-04     6.452636E-02      -1.312188E+00     
7.700669E-01      6.521156E-02      1.814659E-01      -8.013485E-01     -2.293924E-02     -1.096635E-02     -5.988746E-01     -7.073671E-02     4.085241E-04      -1.028907E-03     -5.216558E+00     -1.617121E+01     
1.003765E+00      2.121191E-02      -2.533243E-01     6.276739E+00      1.936170E-01      8.208558E-02      2.660908E+00      2.410341E-01      -1.937600E-03     1.116563E-02      4.223492E+00      2.631717E+01      
1.405271E+00      1.662174E-01      -4.810879E-02     2.942640E-01      1.878804E-02      4.458808E-03      7.451442E-02      1.429098E-02      -2.059918E-04     6.525180E-04      1.641451E-01      3.895517E-02      
6.711838E-01      1.127261E-01      -1.491359E-01     -9.506132E-01     -6.555273E-03     -2.116424E-02     -7.640159E-01     -8.918251E-02     2.476736E-03      -6.376329E-03     2.556844E+00      -1.384968E+01     
9.484932E-01      1.731298E-02      -5.168278E-01     5.084305E+00      1.835117E-01      4.889513E-02      2.196236E+00      2.158274E-01      -1.928316E-03     8.689512E-03      4.250781E+00      2.763775E+01      
9.135165E-01      6.363202E-02      -5.286249E-02     -8.174323E-01     -1.786781E-02     -1.304114E-02     -1.449853E-01     -2.832867E-02     4.213148E-04      -2.679798E-03     -5.724185E-01     -1.710191E+00     
6.873424E-01      1.139459E-01      -1.133646E-01     -6.180054E-01     -2.146341E-02     -1.136387E-02     -3.501013E-01     -5.702603E-02     1.908605E-03      -3.773665E-03     1.116154E+00      -4.547184E+00     
9.167381E-01      7.444068E-02      -7.603242E-02     -7.777019E-01     -1.160101E-02     -1.482966E-02     -1.500410E-01     -2.847062E-02     1.236977E-03      -3.095049E-03     -4.584404E-01     -1.677262E+00     
1.213178E+00      1.183298E-01      -8.333516E-02     3.178818E-01      1.014440E-02      3.775176E-03      1.444143E-01      1.327829E-02      -3.054553E-04     1.840737E-04      2.480364E-01      9.687050E-04      
1.280729E+00      1.970006E-01      -6.285233E-02     2.387210E-01      8.775883E-03      3.068714E-03      9.103060E-02      1.004296E-02      -1.862653E-04     4.049215E-04      1.807116E-01      1.075402E-01      
8.257931E-01      3.942572E-02      4.493304E-01      3.930213E-02      -4.802180E-02     -5.367953E-04     -8.557769E-01     -9.818108E-02     7.009421E-03      1.713881E-03      -2.792117E+00     -2.188458E+01     
1.247665E+00      1.526796E-01      -7.744494E-02     2.916951E-01      8.163083E-03      4.278164E-03      1.508654E-01      1.354324E-02      -1.299202E-03     3.832448E-04      2.251046E-01      1.113133E-01      
9.789319E-01      1.410663E-02      -6.957417E-01     5.638839E+00      4.436999E-01      6.033324E-02      2.660584E+00      2.955251E-01      -2.233076E-03     5.666286E-03      3.796005E+00      3.222795E+01      
1.263436E+00      1.809556E-01      -7.011206E-02     2.636406E-01      1.191973E-02      3.846014E-03      1.167581E-01      1.374528E-02      -7.348889E-04     4.559488E-04      2.013253E-01      1.201688E-01      
8.376676E-01      1.076277E-01      -8.165051E-02     -6.570675E-01     -1.278749E-02     -1.217286E-02     -2.386275E-01     -2.769167E-02     1.325292E-03      -2.670854E-03     -3.244257E-01     -8.362843E-01     
8.535786E-01      1.940259E-01      -8.820423E-02     -4.388852E-01     -2.756742E-02     -7.410057E-03     -1.186449E-01     -2.373385E-02     1.255439E-03      -1.740768E-03     -9.553993E-02     1.378966E-01      
1.045991E+00      9.056605E-03      -4.879307E-01     8.000392E+00      4.530095E-01      1.035289E-01      3.005315E+00      3.490230E-01      -2.578179E-02     1.494700E-02      5.074092E+00      3.228482E+01      
7.687401E-01      3.734104E-02      2.219432E-01      2.624233E+00      6.980151E-02      3.121552E-02      4.751114E-01      6.287918E-02      2.563884E-03      -6.547937E-03     3.369092E+02      6.911537E+02      
7.175398E-01      1.541620E-01      -1.138544E-01     -4.058515E-01     -9.053532E-03     -8.839339E-03     -2.391299E-01     -3.210274E-02     2.743347E-03      -2.939669E-03     4.984184E-01      1.587327E-01      
8.579612E-01      1.493693E-02      9.711787E-01      1.907375E-01      -5.894432E-02     1.392268E-02      -2.343662E+00     -5.262389E-02     1.521015E-02      5.950583E-03      -5.019423E+00     -3.571235E+01     
1.314312E+00      7.737773E-02      -5.251367E-02     2.480970E-01      8.748513E-03      3.810889E-03      9.391336E-02      1.255407E-02      -1.054433E-03     5.199171E-04      1.784504E-01      -2.962932E-01     
9.633093E-01      3.899050E-02      -4.662272E-02     -1.649128E-01     1.213376E-03      -4.401462E-03     7.375710E-02      3.721265E-03      -1.065449E-03     -5.218082E-04     8.745077E-02      2.900554E+00      
8.073585E-01      1.157861E-01      -7.490474E-02     -5.483406E-01     -3.223280E-02     -8.236340E-03     -1.705492E-01     -2.751132E-02     1.838418E-03      -2.199900E-03     -1.318805E-01     -5.546465E-01     
8.846010E-01      1.539342E-02      8.999314E-01      -1.011262E+00     -1.509707E-01     6.048534E-03      -2.212075E+00     -1.095987E-01     1.242145E-02      2.730923E-03      -4.239110E+00     -3.251421E+01     
9.083013E-01      5.663308E-03      1.087299E+00      -1.125305E+00     -1.263081E-01     5.311857E-03      -2.986647E+00     -9.899350E-02     3.272017E-02      6.504700E-03      -1.598211E+00     -6.502812E+00     
9.782172E-01      4.585315E-02      -5.622535E-02     -5.750613E-01     -1.435497E-02     -1.113305E-02     -5.433853E-02     -1.593333E-02     -1.690294E-04     -1.764962E-03     -3.872974E-01     -9.632726E-01     
