VARIABLES = "X", "Y", "obj_func", "sens_cb1", sens_sig", "sens_cb2","sens_kar", "sens_cw2", sens_cw3", "sens_cv1", "sens_x", "sens_y"
1.386391E+00      0.000000E+00      0.000000E+00      3.092004E-15      7.401668E-17      4.564270E-17      2.116090E-15      1.792593E-16      -1.212295E-17     1.210165E-17      4.543234E-07      -2.062927E-02     
1.226256E+00      9.983961E-02      -7.925063E-02     2.933187E-01      9.026229E-03      3.089353E-03      1.394275E-01      9.431563E-03      -2.359844E-04     1.420924E-04      2.420808E-01      -1.590106E-01     
1.339908E+00      9.983961E-02      -5.294817E-02     2.731747E-01      5.251867E-03      4.136316E-03      1.012214E-01      1.136430E-02      -7.764895E-04     5.967715E-04      1.800500E-01      -7.729592E-02     
1.303724E+00      9.983961E-02      -6.675746E-02     3.080792E-01      6.327734E-03      4.186131E-03      1.384507E-01      1.040527E-02      -8.738388E-04     2.971755E-04      2.136531E-01      -1.372324E-01     
1.434646E+00      1.402443E-01      -4.815123E-02     3.149823E-01      1.956259E-02      4.871635E-03      9.562373E-02      1.287777E-02      -1.733753E-04     5.457674E-04      1.722728E-01      1.976490E-02      
1.167779E+00      3.602082E-02      -4.537594E-02     5.521204E-02      6.105551E-03      -1.390556E-03     4.410638E-02      2.102159E-03      -1.221655E-04     -3.422598E-04     1.094996E-01      -1.151027E+00     
1.198649E+00      5.059846E-02      -5.526229E-02     1.280053E-01      5.923722E-03      3.809793E-04      6.749973E-02      5.062904E-03      -4.869577E-04     -2.003226E-04     1.550697E-01      -8.897797E-01     
1.342035E+00      3.308701E-02      -3.026525E-02     1.359812E-01      9.723775E-03      1.167692E-03      4.958885E-02      5.249737E-03      -2.969633E-04     3.277063E-05      9.757709E-02      -8.335086E-01     
1.288609E+00      3.308701E-02      -3.648673E-02     1.457753E-01      1.613529E-02      5.640616E-04      4.820205E-02      5.970724E-03      -1.272817E-04     -9.257709E-05     1.076819E-01      -1.004446E+00     
1.262951E+00      1.183298E-01      -6.952631E-02     3.278578E-01      8.692856E-03      4.610416E-03      1.266940E-01      1.457907E-02      -6.237061E-04     4.800622E-04      2.273587E-01      -1.235067E-02     
1.438687E+00      2.791676E-02      -1.589790E-02     8.244616E-02      1.249538E-03      1.469946E-03      2.601985E-02      2.872477E-03      -1.720667E-04     1.208565E-04      5.005326E-02      -5.407366E-01     
1.192270E+00      1.179971E-01      -8.641850E-02     3.099752E-01      1.330752E-02      3.529110E-03      1.441192E-01      1.548617E-02      -6.354595E-04     2.144796E-04      2.566003E-01      1.050638E-02      
1.149416E+00      3.910450E-02      -5.147563E-02     4.159261E-02      7.082410E-03      -2.140146E-03     4.856518E-02      2.167192E-03      -3.877421E-04     -4.539390E-04     1.125382E-01      -1.180568E+00     
8.986028E-01      5.508463E-03      8.409436E-01      1.262131E+00      -5.143666E-02     4.541639E-02      -1.141125E+00     -1.135130E-02     -4.155394E-03     -7.282106E-03     1.092114E+02      8.740467E+02      
8.751276E-01      1.606578E-02      8.165587E-01      -1.530633E+00     -9.488656E-02     -5.721706E-03     -2.297331E+00     -1.157466E-01     1.990007E-02      -9.475683E-04     -5.295414E+00     -3.302589E+01     
7.190263E-01      7.163762E-02      2.287508E-01      3.299252E+00      1.072198E-01      4.588100E-02      1.086280E+00      8.703749E-02      -1.846514E-02     9.518169E-03      2.752546E+01      2.826221E+01      
9.731863E-01      3.877640E-02      -6.244936E-02     1.274043E+00      9.595930E-02      1.726194E-02      6.070517E-01      8.425922E-02      -2.422107E-03     2.820066E-03      9.444025E-01      1.180013E+01      
7.397886E-01      5.881210E-02      4.648242E-01      2.677387E+00      9.277868E-02      1.776506E-02      -8.265393E-01     5.042454E-02      1.564047E-02      1.031025E-02      -1.231718E+00     -1.254165E+01     
1.123950E+00      5.409352E-02      -7.160170E-02     -1.170284E-02     8.995583E-03      -4.296147E-03     5.609340E-02      1.169737E-03      -6.122841E-04     -8.075798E-04     1.236088E-01      -1.084190E+00     
1.271719E+00      9.983961E-02      -6.803446E-02     3.143329E-01      1.005803E-02      4.214880E-03      1.255446E-01      1.490300E-02      -1.361704E-03     4.865353E-04      2.241116E-01      -1.196118E-01     
9.821773E-01      4.986213E-02      -6.332213E-02     -6.107557E-01     -1.311437E-02     -1.321500E-02     -7.828131E-02     -1.880459E-02     -8.653988E-05     -2.018413E-03     -4.042228E-01     -1.222375E+00     
1.390981E+00      9.170801E-02      -5.039166E-02     2.700784E-01      5.575521E-03      3.978583E-03      1.085643E-01      8.188896E-03      -1.025586E-04     3.854082E-04      1.688029E-01      -1.388964E-01     
9.857270E-01      4.578903E-02      -5.605011E-02     -5.294320E-01     -5.568332E-03     -1.096625E-02     -4.942706E-02     -1.153704E-02     -2.670809E-04     -1.541554E-03     -3.098505E-01     -9.000002E-01     
1.104447E+00      6.958298E-02      -8.977863E-02     -3.891684E-02     9.538012E-03      -5.199561E-03     6.679325E-02      -7.466844E-04     -1.063132E-04     -1.076545E-03     1.325128E-01      -9.090355E-01     
9.326434E-01      5.224849E-02      -3.274008E-02     -8.307546E-01     -5.549440E-02     -1.126809E-02     -1.150050E-01     -3.006440E-02     -6.152391E-04     -2.036784E-03     -7.064117E-01     -1.430835E+00     
1.338698E+00      1.402443E-01      -5.738872E-02     2.946276E-01      4.827126E-03      5.171824E-03      1.203667E-01      1.156250E-02      -6.454601E-04     5.804766E-04      1.905424E-01      2.660598E-02      
1.390158E+00      1.402443E-01      -4.775110E-02     2.909989E-01      1.848391E-02      5.232427E-03      8.589818E-02      1.609751E-02      -3.428424E-04     7.268347E-04      1.728378E-01      1.303176E-02      
7.311657E-01      6.982974E-02      3.274844E-01      1.868394E+00      7.358693E-02      1.131046E-02      -6.258837E-01     5.565829E-02      4.667459E-03      8.284176E-03      -1.149328E+00     -1.035074E+01     
8.917549E-01      6.632250E-02      -1.144439E-02     -8.343991E-01     -6.670983E-02     -9.720210E-03     -2.127018E-01     -3.484841E-02     4.671603E-04      -1.555084E-03     -7.244785E-01     -1.835907E+00     
1.153973E+00      2.355143E-02      -3.275052E-02     7.609773E-03      5.223645E-03      -2.114783E-03     3.198176E-02      1.066609E-03      -2.149737E-04     -3.414285E-04     6.570040E-02      -1.338614E+00     
